1898 1818 1832 10 
1650 1802 1829 20 
1929 1813 1825 30 
1764 1804 1822 40 
1856 1812 1823 50 
1809 1812 1824 60 
1831 1808 1827 70 
1809 1811 1826 80 
1817 1812 1817 90 
1834 1809 1826 100 
1798 1811 1831 110 
1841 1813 1825 120 
1805 1810 1822 130 
1828 1812 1826 140 
1827 1815 1828 150 
1810 1812 1825 160 
1836 1813 1817 170 
1811 1812 1828 180 
1827 1809 1827 190 
1822 1813 1831 200 
1816 1814 1825 210 
1829 1816 1828 220 
1811 1812 1821 230 
1825 1811 1825 240 
1822 1814 1829 250 
1818 1812 1826 260 
1823 1812 1826 270 
1819 1814 1832 280 
1825 1809 1826 290 
1819 1815 1827 300 
1819 1812 1830 310 
1823 1809 1830 320 
1820 1810 1824 330 
1824 1813 1832 340 
1822 1806 1826 350 
1824 1807 1828 360 
1825 1815 1828 370 
1822 1807 1824 380 
1824 1809 1830 390 
1819 1813 1829 400 
1824 1815 1827 410 
1819 1813 1826 420 
1822 1809 1826 430 
1823 1815 1830 440 
1825 1817 1832 450 
1825 1817 1831 460 
1825 1814 1834 470 
1821 1813 1831 480 
1823 1812 1824 490 
1823 1811 1826 500 
1823 1813 1828 510 
1818 1814 1824 520 
1821 1813 1824 530 
1820 1814 1826 540 
1822 1814 1832 550 
1825 1812 1831 560 
1826 1817 1831 570 
1821 1814 1822 580 
1825 1811 1827 590 
1825 1811 1832 600 
1826 1814 1828 610 
1824 1814 1831 620 
1821 1813 1828 630 
1821 1816 1832 640 
1825 1813 1830 650 
1822 1817 1826 660 
1824 1815 1832 670 
1825 1813 1832 680 
1826 1814 1829 690 
1823 1812 1826 700 
1826 1812 1831 710 
1825 1813 1830 720 
1824 1816 1828 730 
1825 1816 1831 740 
1824 1813 1830 750 
1827 1814 1834 760 
1822 1816 1828 770 
1823 1816 1833 780 
1824 1810 1831 790 
1824 1812 1833 800 
1827 1814 1833 810 
1825 1818 1831 820 
1824 1815 1828 830 
1824 1812 1829 840 
1825 1814 1824 850 
1822 1817 1829 860 
1823 1815 1833 870 
1825 1815 1834 880 
1825 1813 1828 890 
1823 1818 1825 900 
1826 1815 1833 910 
1825 1816 1831 920 
1825 1818 1831 930 
1823 1814 1830 940 
1821 1816 1827 950 
1826 1816 1835 960 
1825 1819 1831 970 
1826 1817 1832 980 
1827 1816 1838 990 
1825 1816 1833 1000 
1825 1818 1833 1010 
1827 1813 1835 1020 
1827 1815 1837 1030 
1829 1819 1837 1040 
1819 1816 1825 1050 
1828 1821 1836 1060 
1826 1821 1834 1070 
1826 1815 1837 1080 
1827 1819 1836 1090 
1822 1818 1824 1100 
1824 1815 1829 1110 
1828 1816 1835 1120 
1828 1817 1834 1130 
1827 1820 1834 1140 
1826 1815 1830 1150 
1826 1816 1831 1160 
1828 1819 1838 1170 
1825 1820 1831 1180 
1825 1816 1831 1190 
1823 1818 1829 1200 
1826 1817 1835 1210 
1828 1817 1834 1220 
1829 1819 1834 1230 
1826 1816 1828 1240 
1827 1820 1834 1250 
1826 1820 1831 1260 
1829 1816 1837 1270 
1825 1814 1831 1280 
1822 1819 1827 1290 
1824 1819 1827 1300 
1828 1819 1836 1310 
1826 1814 1828 1320 
1825 1816 1833 1330 
1826 1817 1831 1340 
1825 1817 1834 1350 
1826 1817 1834 1360 
1823 1815 1830 1370 
1827 1815 1831 1380 
1824 1815 1828 1390 
1822 1818 1831 1400 
1827 1816 1836 1410 
1826 1814 1832 1420 
1826 1817 1833 1430 
1826 1816 1834 1440 
1824 1816 1833 1450 
1824 1818 1829 1460 
1823 1816 1824 1470 
1823 1818 1831 1480 
1826 1816 1836 1490 
1825 1819 1832 1500 
1826 1816 1832 1510 
1827 1816 1837 1520 
1823 1817 1832 1530 
1827 1814 1832 1540 
1826 1812 1829 1550 
1826 1815 1831 1560 
1820 1815 1824 1570 
1824 1815 1833 1580 
1824 1818 1831 1590 
1822 1814 1830 1600 
1826 1813 1833 1610 
1825 1816 1833 1620 
1822 1818 1828 1630 
1827 1818 1834 1640 
1826 1818 1837 1650 
1821 1817 1828 1660 
1827 1817 1832 1670 
1823 1817 1830 1680 
1824 1818 1833 1690 
1823 1816 1830 1700 
1826 1814 1831 1710 
1822 1821 1831 1720 
1826 1815 1834 1730 
1825 1816 1832 1740 
1828 1817 1832 1750 
1825 1813 1831 1760 
1822 1817 1830 1770 
1825 1814 1828 1780 
1826 1820 1833 1790 
1825 1818 1830 1800 
1825 1815 1833 1810 
1824 1816 1829 1820 
1826 1820 1834 1830 
1825 1814 1835 1840 
1824 1817 1835 1850 
1823 1819 1834 1860 
1825 1816 1832 1870 
1824 1819 1828 1880 
1826 1820 1836 1890 
1824 1814 1829 1900 
1827 1818 1833 1910 
1824 1818 1829 1920 
1825 1817 1834 1930 
1825 1815 1834 1940 
1826 1818 1833 1950 
1824 1817 1828 1960 
1826 1819 1836 1970 
1824 1817 1832 1980 
1826 1821 1834 1990 
1824 1820 1834 2000 
1824 1818 1834 2010 
1825 1818 1833 2020 
1827 1818 1833 2030 
1824 1822 1833 2040 
1825 1819 1834 2050 
1824 1820 1834 2060 
1828 1819 1833 2070 
1829 1819 1835 2080 
1828 1817 1833 2090 
1826 1816 1835 2100 
1824 1820 1835 2110 
1824 1821 1834 2120 
1826 1816 1830 2130 
1827 1817 1830 2140 
1826 1821 1838 2150 
1822 1819 1828 2160 
1830 1824 1835 2170 
1830 1820 1840 2180 
1827 1820 1835 2190 
1827 1822 1838 2200 
1830 1820 1837 2210 
1830 1825 1840 2220 
1828 1822 1839 2230 
1829 1820 1837 2240 
1827 1824 1830 2250 
1828 1821 1839 2260 
1829 1816 1836 2270 
1830 1820 1839 2280 
1831 1826 1838 2290 
1831 1824 1838 2300 
1828 1823 1836 2310 
1829 1820 1834 2320 
1832 1825 1840 2330 
1830 1822 1840 2340 
1822 1822 1831 2350 
1825 1818 1834 2360 
1826 1825 1835 2370 
1825 1824 1836 2380 
1822 1823 1833 2390 
1827 1819 1838 2400 
1828 1822 1838 2410 
1829 1821 1839 2420 
1828 1821 1837 2430 
1828 1825 1839 2440 
1825 1825 1831 2450 
1830 1822 1830 2460 
1831 1820 1841 2470 
1832 1820 1841 2480 
1830 1823 1830 2490 
1835 1826 1841 2500 
1830 1823 1833 2510 
1832 1819 1837 2520 
1833 1821 1837 2530 
1832 1826 1842 2540 
1829 1818 1839 2550 
1832 1822 1843 2560 
1833 1823 1840 2570 
1831 1821 1841 2580 
1828 1819 1837 2590 
1830 1822 1837 2600 
1828 1826 1840 2610 
1831 1826 1842 2620 
1830 1822 1841 2630 
1832 1822 1835 2640 
1836 1825 1843 2650 
1835 1822 1842 2660 
1829 1823 1837 2670 
1833 1824 1840 2680 
1833 1823 1842 2690 
1833 1825 1844 2700 
1831 1822 1839 2710 
1831 1828 1837 2720 
1833 1830 1839 2730 
1836 1825 1845 2740 
1837 1823 1843 2750 
1836 1821 1838 2760 
1833 1827 1841 2770 
1830 1822 1837 2780 
1830 1822 1840 2790 
1830 1824 1840 2800 
1825 1825 1831 2810 
1829 1823 1843 2820 
1828 1824 1841 2830 
1830 1828 1840 2840 
1831 1824 1840 2850 
1831 1827 1839 2860 
1830 1826 1842 2870 
1832 1825 1841 2880 
1833 1823 1838 2890 
1833 1827 1843 2900 
1835 1825 1846 2910 
1836 1825 1844 2920 
1836 1824 1843 2930 
1831 1822 1838 2940 
1830 1824 1842 2950 
1830 1830 1841 2960 
1827 1829 1832 2970 
1831 1824 1838 2980 
1836 1822 1841 2990 
1838 1827 1846 3000 
1834 1826 1843 3010 
1835 1823 1843 3020 
1830 1827 1840 3030 
1833 1831 1840 3040 
1830 1830 1838 3050 
1831 1826 1845 3060 
1830 1821 1841 3070 
1828 1827 1834 3080 
1832 1826 1841 3090 
1834 1822 1842 3100 
1832 1828 1842 3110 
1830 1827 1838 3120 
1830 1824 1841 3130 
1828 1826 1837 3140 
1831 1827 1839 3150 
1831 1822 1840 3160 
1828 1827 1839 3170 
1828 1827 1839 3180 
1834 1825 1840 3190 
1835 1825 1839 3200 
1833 1825 1841 3210 
1831 1825 1840 3220 
1832 1830 1841 3230 
1830 1829 1842 3240 
1834 1824 1840 3250 
1836 1826 1845 3260 
1837 1827 1841 3270 
1838 1826 1842 3280 
1837 1825 1846 3290 
1835 1824 1842 3300 
1837 1829 1846 3310 
1834 1829 1843 3320 
1836 1825 1844 3330 
1832 1828 1843 3340 
1832 1831 1843 3350 
1834 1826 1835 3360 
1831 1827 1842 3370 
1832 1828 1848 3380 
1832 1825 1843 3390 
1827 1828 1840 3400 
1828 1826 1838 3410 
1828 1826 1837 3420 
1835 1830 1844 3430 
1834 1827 1841 3440 
1836 1827 1846 3450 
1831 1825 1839 3460 
1832 1827 1844 3470 
1829 1828 1838 3480 
1834 1832 1844 3490 
1833 1833 1841 3500 
1832 1832 1838 3510 
1832 1833 1842 3520 
1834 1830 1847 3530 
1833 1826 1839 3540 
1835 1828 1839 3550 
1837 1827 1845 3560 
1836 1828 1842 3570 
1834 1829 1845 3580 
1836 1834 1844 3590 
1837 1832 1842 3600 
1839 1827 1846 3610 
1835 1828 1843 3620 
1838 1830 1845 3630 
1836 1826 1841 3640 
1836 1826 1844 3650 
1831 1828 1844 3660 
1832 1825 1843 3670 
1831 1828 1843 3680 
1834 1829 1848 3690 
1835 1830 1845 3700 
1834 1826 1844 3710 
1833 1826 1846 3720 
1830 1832 1838 3730 
1831 1827 1837 3740 
1833 1827 1845 3750 
1833 1830 1847 3760 
1833 1830 1838 3770 
1838 1831 1847 3780 
1830 1829 1838 3790 
1836 1831 1847 3800 
1837 1828 1846 3810 
1836 1829 1846 3820 
1835 1827 1841 3830 
1837 1829 1845 3840 
1839 1830 1842 3850 
1841 1831 1847 3860 
1838 1827 1842 3870 
1839 1828 1850 3880 
1835 1833 1843 3890 
1830 1833 1845 3900 
1833 1832 1847 3910 
1834 1827 1845 3920 
1835 1827 1841 3930 
1831 1831 1840 3940 
1832 1830 1845 3950 
1831 1825 1841 3960 
1831 1833 1844 3970 
1832 1830 1846 3980 
1833 1832 1845 3990 
1833 1828 1841 4000 
1835 1831 1838 4010 
1836 1832 1841 4020 
1837 1829 1845 4030 
1833 1832 1845 4040 
1834 1831 1839 4050 
1834 1828 1843 4060 
1836 1829 1846 4070 
1833 1823 1842 4080 
1835 1832 1845 4090 
1835 1833 1845 4100 
1836 1828 1847 4110 
1837 1832 1850 4120 
1837 1829 1840 4130 
1837 1828 1845 4140 
1837 1830 1849 4150 
1839 1831 1840 4160 
1840 1831 1847 4170 
1837 1827 1838 4180 
1838 1830 1848 4190 
1836 1828 1846 4200 
1834 1828 1840 4210 
1829 1830 1841 4220 
1829 1832 1846 4230 
1832 1829 1842 4240 
1834 1833 1848 4250 
1835 1827 1845 4260 
1836 1823 1842 4270 
1829 1830 1840 4280 
1832 1832 1845 4290 
1833 1832 1841 4300 
1840 1828 1847 4310 
1839 1826 1842 4320 
1843 1828 1846 4330 
1836 1834 1846 4340 
1832 1834 1850 4350 
1830 1830 1848 4360 
1835 1833 1845 4370 
1836 1832 1845 4380 
1834 1830 1843 4390 
1836 1828 1842 4400 
1835 1827 1841 4410 
1836 1831 1848 4420 
1832 1831 1840 4430 
1837 1830 1849 4440 
1838 1835 1849 4450 
1838 1832 1843 4460 
1833 1832 1848 4470 
1835 1830 1842 4480 
1841 1830 1839 4490 
1842 1824 1845 4500 
1839 1826 1849 4510 
1828 1825 1848 4520 
1825 1833 1848 4530 
1822 1832 1841 4540 
1828 1829 1847 4550 
1833 1827 1845 4560 
1835 1829 1844 4570 
1839 1828 1845 4580 
1837 1828 1837 4590 
1843 1828 1850 4600 
1842 1831 1843 4610 
1838 1833 1843 4620 
1835 1828 1845 4630 
1833 1827 1841 4640 
1830 1832 1838 4650 
1832 1832 1846 4660 
1831 1832 1845 4670 
1835 1829 1844 4680 
1833 1827 1841 4690 
1834 1830 1846 4700 
1834 1832 1843 4710 
1833 1831 1845 4720 
1831 1829 1841 4730 
1832 1829 1848 4740 
1833 1832 1841 4750 
1836 1827 1841 4760 
1834 1829 1846 4770 
1833 1829 1844 4780 
1830 1831 1836 4790 
1835 1829 1843 4800 
1832 1827 1841 4810 
1832 1828 1843 4820 
1836 1829 1848 4830 
1837 1828 1846 4840 
1835 1830 1845 4850 
1836 1827 1846 4860 
1832 1831 1839 4870 
1836 1827 1847 4880 
1837 1832 1847 4890 
1835 1829 1845 4900 
1834 1828 1846 4910 
1833 1832 1844 4920 
1830 1830 1845 4930 
1835 1829 1846 4940 
1836 1829 1842 4950 
1838 1826 1846 4960 
1843 1826 1842 4970 
1847 1829 1844 4980 
1843 1831 1843 4990 
1830 1833 1844 5000 
1820 1835 1848 5010 
1824 1829 1845 5020 
1826 1825 1842 5030 
1823 1834 1846 5040 
1826 1830 1841 5050 
1834 1830 1851 5060 
1837 1834 1848 5070 
1838 1832 1844 5080 
1840 1826 1847 5090 
1835 1827 1838 5100 
1835 1830 1843 5110 
1835 1829 1846 5120 
1836 1825 1843 5130 
1837 1828 1845 5140 
1833 1830 1840 5150 
1836 1833 1847 5160 
1835 1832 1849 5170 
1833 1830 1840 5180 
1837 1827 1844 5190 
1838 1830 1846 5200 
1832 1831 1840 5210 
1830 1831 1843 5220 
1835 1832 1850 5230 
1839 1829 1844 5240 
1834 1826 1843 5250 
1830 1829 1847 5260 
1827 1831 1841 5270 
1834 1828 1840 5280 
1838 1829 1846 5290 
1835 1830 1845 5300 
1835 1825 1845 5310 
1836 1832 1845 5320 
1834 1830 1845 5330 
1834 1830 1843 5340 
1837 1830 1849 5350 
1836 1830 1846 5360 
1833 1832 1843 5370 
1832 1830 1845 5380 
1832 1831 1842 5390 
1836 1830 1846 5400 
1834 1832 1848 5410 
1832 1827 1843 5420 
1832 1830 1844 5430 
1833 1832 1840 5440 
1835 1833 1845 5450 
1835 1830 1847 5460 
1835 1830 1846 5470 
1836 1828 1846 5480 
1834 1829 1843 5490 
1837 1829 1849 5500 
1834 1826 1840 5510 
1836 1832 1845 5520 
1837 1830 1844 5530 
1832 1829 1842 5540 
1834 1825 1847 5550 
1828 1831 1836 5560 
1831 1832 1846 5570 
1833 1830 1842 5580 
1832 1825 1841 5590 
1828 1830 1841 5600 
1825 1830 1838 5610 
1832 1828 1846 5620 
1833 1824 1842 5630 
1839 1831 1847 5640 
1839 1827 1846 5650 
1838 1828 1845 5660 
1835 1825 1840 5670 
1837 1826 1839 5680 
1837 1830 1841 5690 
1836 1830 1845 5700 
1833 1832 1846 5710 
1834 1829 1844 5720 
1834 1828 1847 5730 
1831 1829 1845 5740 
1836 1833 1848 5750 
1832 1826 1842 5760 
1826 1831 1840 5770 
1830 1831 1847 5780 
1835 1826 1842 5790 
1837 1830 1840 5800 
1831 1827 1833 5810 
1832 1823 1838 5820 
1828 1828 1836 5830 
1827 1833 1848 5840 
1828 1832 1852 5850 
1822 1830 1844 5860 
1828 1831 1846 5870 
1834 1825 1842 5880 
1841 1827 1847 5890 
1841 1826 1844 5900 
1840 1829 1840 5910 
1843 1827 1848 5920 
1839 1827 1844 5930 
1835 1829 1845 5940 
1831 1832 1842 5950 
1826 1832 1838 5960 
1827 1831 1843 5970 
1831 1826 1841 5980 
1832 1832 1839 5990 
1835 1832 1846 6000 
1834 1830 1845 6010 
1833 1831 1844 6020 
1834 1830 1841 6030 
1834 1827 1842 6040 
1832 1828 1848 6050 
1829 1830 1843 6060 
1833 1833 1844 6070 
1831 1828 1841 6080 
1836 1830 1848 6090 
1833 1823 1841 6100 
1834 1831 1842 6110 
1831 1830 1836 6120 
1835 1825 1840 6130 
1834 1828 1844 6140 
1832 1827 1839 6150 
1832 1824 1845 6160 
1834 1829 1845 6170 
1833 1828 1848 6180 
1834 1831 1845 6190 
1834 1830 1843 6200 
1834 1830 1849 6210 
1830 1830 1840 6220 
1830 1831 1838 6230 
1835 1831 1847 6240 
1831 1825 1844 6250 
1832 1830 1843 6260 
1832 1833 1839 6270 
1837 1830 1846 6280 
1835 1824 1845 6290 
1832 1824 1843 6300 
1831 1825 1841 6310 
1832 1826 1842 6320 
1835 1828 1846 6330 
1833 1831 1838 6340 
1834 1828 1837 6350 
1831 1832 1845 6360 
1833 1828 1846 6370 
1835 1830 1841 6380 
1834 1826 1845 6390 
1827 1830 1843 6400 
1828 1827 1847 6410 
1830 1830 1847 6420 
1835 1831 1846 6430 
1836 1829 1845 6440 
1841 1827 1846 6450 
1838 1827 1841 6460 
1836 1826 1843 6470 
1834 1828 1846 6480 
1833 1826 1846 6490 
1830 1827 1843 6500 
1831 1830 1842 6510 
1832 1828 1847 6520 
1833 1828 1846 6530 
1834 1832 1845 6540 
1830 1829 1840 6550 
1834 1831 1847 6560 
1831 1827 1841 6570 
1837 1831 1845 6580 
1834 1831 1841 6590 
1832 1827 1840 6600 
1833 1828 1846 6610 
1835 1831 1847 6620 
1833 1828 1842 6630 
1835 1828 1845 6640 
1831 1830 1845 6650 
1832 1830 1844 6660 
1832 1829 1846 6670 
1830 1830 1844 6680 
1833 1830 1845 6690 
1833 1831 1841 6700 
1836 1827 1845 6710 
1832 1825 1842 6720 
1830 1827 1846 6730 
1835 1828 1843 6740 
1834 1826 1844 6750 
1834 1827 1847 6760 
1834 1831 1846 6770 
1830 1830 1842 6780 
1831 1826 1841 6790 
1833 1826 1846 6800 
1833 1828 1840 6810 
1832 1827 1844 6820 
1834 1827 1845 6830 
1835 1827 1844 6840 
1836 1830 1844 6850 
1832 1833 1843 6860 
1834 1830 1852 6870 
1833 1827 1848 6880 
1835 1827 1844 6890 
1835 1830 1846 6900 
1832 1829 1835 6910 
1832 1828 1844 6920 
1830 1831 1843 6930 
1833 1829 1847 6940 
1829 1831 1848 6950 
1833 1828 1849 6960 
1832 1827 1839 6970 
1831 1828 1844 6980 
1837 1823 1842 6990 
1839 1829 1849 7000 
1837 1825 1841 7010 
1834 1828 1842 7020 
1829 1830 1840 7030 
1832 1832 1845 7040 
1836 1832 1843 7050 
1834 1830 1845 7060 
1833 1827 1841 7070 
1831 1828 1845 7080 
1834 1826 1842 7090 
1831 1831 1842 7100 
1829 1831 1845 7110 
1831 1827 1846 7120 
1832 1830 1844 7130 
1831 1829 1845 7140 
1832 1829 1844 7150 
1833 1830 1848 7160 
1835 1830 1842 7170 
1831 1831 1839 7180 
1829 1828 1837 7190 
1834 1830 1844 7200 
1833 1830 1841 7210 
1832 1831 1846 7220 
1834 1825 1845 7230 
1828 1828 1841 7240 
1832 1827 1842 7250 
1831 1830 1841 7260 
1827 1825 1837 7270 
1835 1828 1846 7280 
1835 1826 1846 7290 
1826 1820 1837 7300 
1821 1821 1832 7310 
1824 1816 1837 7320 
1826 1823 1838 7330 
1825 1819 1838 7340 
1822 1821 1831 7350 
1826 1818 1832 7360 
1824 1817 1837 7370 
1821 1819 1835 7380 
1822 1815 1833 7390 
1818 1819 1834 7400 
1816 1819 1830 7410 
1822 1817 1835 7420 
1822 1818 1829 7430 
1823 1820 1832 7440 
1819 1818 1834 7450 
1822 1815 1836 7460 
1817 1817 1825 7470 
1816 1818 1828 7480 
1817 1815 1828 7490 
1820 1819 1833 7500 
1822 1817 1824 7510 
1822 1815 1829 7520 
1822 1820 1834 7530 
1823 1814 1832 7540 
1821 1820 1831 7550 
1824 1816 1834 7560 
1817 1819 1831 7570 
1818 1819 1829 7580 
1824 1823 1837 7590 
1822 1818 1830 7600 
1820 1818 1833 7610 
1818 1818 1827 7620 
1824 1822 1834 7630 
1824 1817 1836 7640 
1823 1812 1832 7650 
1821 1813 1829 7660 
1824 1817 1826 7670 
1821 1820 1831 7680 
1821 1815 1831 7690 
1821 1821 1836 7700 
1820 1821 1830 7710 
1822 1819 1835 7720 
1822 1814 1832 7730 
1819 1818 1826 7740 
1825 1821 1835 7750 
1824 1817 1830 7760 
1823 1817 1828 7770 
1820 1819 1835 7780 
1821 1821 1835 7790 
1821 1825 1833 7800 
1821 1820 1829 7810 
1825 1819 1832 7820 
1826 1816 1836 7830 
1821 1818 1828 7840 
1822 1814 1829 7850 
1830 1823 1838 7860 
1832 1828 1842 7870 
1826 1825 1845 7880 
1825 1826 1841 7890 
1832 1831 1844 7900 
1835 1829 1849 7910 
1835 1828 1848 7920 
1838 1829 1847 7930 
1837 1831 1844 7940 
1839 1830 1846 7950 
1832 1830 1841 7960 
1833 1830 1839 7970 
1836 1831 1838 7980 
1837 1833 1849 7990 
1835 1831 1846 8000 
1833 1828 1842 8010 
1834 1829 1842 8020 
1835 1833 1847 8030 
1834 1830 1848 8040 
1834 1830 1850 8050 
1831 1835 1847 8060 
1833 1830 1848 8070 
1833 1825 1846 8080 
1834 1827 1846 8090 
1837 1832 1846 8100 
1837 1828 1842 8110 
1837 1827 1846 8120 
1835 1832 1848 8130 
1832 1832 1841 8140 
1834 1829 1846 8150 
1832 1829 1846 8160 
1831 1832 1847 8170 
1832 1833 1846 8180 
1833 1833 1844 8190 
1836 1831 1847 8200 
1836 1832 1847 8210 
1836 1834 1845 8220 
1832 1832 1843 8230 
1835 1827 1848 8240 
1834 1828 1848 8250 
1831 1831 1838 8260 
1833 1833 1841 8270 
1834 1826 1845 8280 
1836 1828 1847 8290 
1838 1832 1846 8300 
1834 1829 1848 8310 
1835 1833 1844 8320 
1834 1832 1843 8330 
1835 1830 1845 8340 
1836 1825 1846 8350 
1831 1829 1844 8360 
1831 1826 1846 8370 
1833 1831 1846 8380 
1834 1833 1844 8390 
1833 1830 1846 8400 
1831 1829 1846 8410 
1833 1829 1846 8420 
1830 1829 1845 8430 
1832 1826 1839 8440 
1835 1828 1848 8450 
1836 1824 1843 8460 
1835 1829 1841 8470 
1833 1828 1843 8480 
1829 1820 1838 8490 
1826 1824 1836 8500 
1824 1824 1837 8510 
1825 1824 1838 8520 
1821 1819 1835 8530 
1823 1819 1834 8540 
1822 1819 1832 8550 
1817 1815 1828 8560 
1821 1814 1835 8570 
1822 1824 1834 8580 
1819 1818 1835 8590 
1819 1816 1833 8600 
1819 1814 1830 8610 
1821 1817 1832 8620 
1819 1812 1826 8630 
1820 1817 1832 8640 
1819 1814 1827 8650 
1821 1814 1827 8660 
1821 1818 1834 8670 
1815 1816 1825 8680 
1820 1815 1832 8690 
1820 1817 1829 8700 
1821 1816 1831 8710 
1816 1817 1830 8720 
1821 1817 1834 8730 
1822 1814 1831 8740 
1816 1816 1829 8750 
1821 1816 1833 8760 
1822 1818 1836 8770 
1821 1820 1830 8780 
1819 1812 1827 8790 
1817 1815 1831 8800 
1817 1817 1833 8810 
1814 1818 1824 8820 
1817 1810 1828 8830 
1819 1816 1829 8840 
1817 1812 1827 8850 
1819 1811 1828 8860 
1820 1817 1829 8870 
1819 1817 1832 8880 
1818 1817 1831 8890 
1821 1815 1834 8900 
1820 1817 1831 8910 
1819 1819 1830 8920 
1817 1816 1831 8930 
1817 1811 1828 8940 
1816 1813 1826 8950 
1819 1814 1833 8960 
1819 1814 1831 8970 
1819 1814 1833 8980 
1819 1816 1826 8990 
1819 1816 1829 9000 
1820 1811 1830 9010 
1817 1814 1832 9020 
1818 1817 1829 9030 
1815 1814 1828 9040 
1816 1810 1827 9050 
1815 1815 1830 9060 
1818 1814 1829 9070 
1819 1814 1830 9080 
1820 1816 1833 9090 
1815 1812 1826 9100 
1818 1811 1828 9110 
1817 1813 1829 9120 
1817 1814 1831 9130 
1813 1813 1824 9140 
1817 1809 1827 9150 
1817 1810 1823 9160 
1818 1810 1831 9170 
1819 1810 1831 9180 
1816 1814 1825 9190 
1818 1811 1829 9200 
1817 1815 1830 9210 
1810 1811 1822 9220 
1813 1809 1821 9230 
1818 1813 1829 9240 
1816 1816 1827 9250 
1817 1814 1832 9260 
1817 1817 1829 9270 
1819 1815 1831 9280 
1816 1809 1825 9290 
1816 1813 1825 9300 
1818 1815 1830 9310 
1827 1825 1838 9320 
1830 1826 1844 9330 
1827 1823 1842 9340 
1819 1822 1826 9350 
1827 1827 1838 9360 
1828 1828 1840 9370 
1825 1822 1836 9380 
1829 1830 1842 9390 
1828 1820 1838 9400 
1829 1827 1840 9410 
1826 1824 1835 9420 
1832 1827 1841 9430 
1831 1828 1843 9440 
1831 1823 1843 9450 
1829 1826 1843 9460 
1830 1824 1840 9470 
1830 1826 1844 9480 
1829 1825 1847 9490 
1828 1821 1840 9500 
1832 1827 1842 9510 
1830 1827 1840 9520 
1831 1828 1846 9530 
1827 1826 1837 9540 
1832 1826 1843 9550 
1831 1822 1842 9560 
1827 1821 1838 9570 
1830 1825 1842 9580 
1830 1828 1841 9590 
1825 1828 1835 9600 
1829 1824 1844 9610 
1829 1822 1841 9620 
1829 1828 1839 9630 
1824 1827 1835 9640 
1829 1826 1840 9650 
1826 1826 1837 9660 
1831 1825 1841 9670 
1833 1825 1842 9680 
1832 1826 1846 9690 
1830 1825 1844 9700 
1831 1824 1836 9710 
1832 1827 1847 9720 
1831 1825 1842 9730 
1826 1826 1836 9740 
1830 1824 1841 9750 
1828 1828 1839 9760 
1823 1825 1834 9770 
1827 1820 1838 9780 
1829 1823 1839 9790 
1823 1825 1834 9800 
1825 1824 1840 9810 
1828 1826 1841 9820 
1832 1825 1841 9830 
1829 1827 1838 9840 
1833 1827 1847 9850 
1829 1824 1840 9860 
1830 1828 1840 9870 
1828 1825 1836 9880 
1824 1828 1840 9890 
1829 1825 1845 9900 
1828 1824 1838 9910 
1825 1826 1840 9920 
1829 1823 1840 9930 
1827 1825 1842 9940 
1829 1825 1833 9950 
1832 1825 1841 9960 
1829 1825 1841 9970 
1829 1823 1840 9980 
1830 1823 1838 9990 
1828 1824 1841 10000 
1826 1827 1839 10010 
1828 1827 1843 10020 
1828 1826 1841 10030 
1825 1824 1835 10040 
1825 1825 1835 10050 
1830 1827 1844 10060 
1832 1825 1840 10070 
1825 1825 1836 10080 
1830 1823 1843 10090 
1823 1824 1834 10100 
1833 1828 1845 10110 
1826 1827 1838 10120 
1828 1820 1839 10130 
1830 1826 1843 10140 
1828 1827 1839 10150 
1822 1823 1831 10160 
1827 1827 1840 10170 
1824 1826 1838 10180 
1828 1824 1841 10190 
1828 1827 1841 10200 
1826 1826 1843 10210 
1828 1824 1841 10220 
1829 1827 1842 10230 
1829 1826 1842 10240 
1827 1822 1837 10250 
1828 1825 1841 10260 
1829 1826 1839 10270 
1827 1826 1839 10280 
1827 1820 1839 10290 
1826 1821 1840 10300 
1817 1814 1819 10310 
1820 1817 1836 10320 
1823 1823 1839 10330 
1819 1817 1836 10340 
1817 1816 1829 10350 
1817 1815 1825 10360 
1812 1812 1822 10370 
1821 1813 1832 10380 
1817 1815 1826 10390 
1817 1811 1826 10400 
1817 1811 1825 10410 
1817 1808 1827 10420 
1815 1814 1830 10430 
1816 1810 1826 10440 
1814 1807 1826 10450 
1814 1806 1826 10460 
1812 1810 1823 10470 
1817 1814 1829 10480 
1817 1809 1824 10490 
1814 1811 1828 10500 
1815 1810 1829 10510 
1819 1813 1831 10520 
1816 1808 1825 10530 
1819 1810 1829 10540 
1814 1808 1824 10550 
1815 1811 1823 10560 
1819 1817 1830 10570 
1813 1812 1826 10580 
1817 1812 1831 10590 
1816 1814 1829 10600 
1811 1814 1824 10610 
1812 1813 1827 10620 
1812 1811 1832 10630 
1814 1812 1825 10640 
1816 1815 1828 10650 
1816 1813 1833 10660 
1818 1808 1823 10670 
1820 1814 1823 10680 
1814 1810 1829 10690 
1813 1812 1831 10700 
1812 1815 1830 10710 
1812 1814 1832 10720 
1810 1813 1823 10730 
1815 1811 1825 10740 
1818 1814 1828 10750 
1823 1815 1823 10760 
1825 1814 1830 10770 
1823 1814 1833 10780 
1813 1817 1830 10790 
1811 1811 1827 10800 
1811 1812 1828 10810 
1807 1811 1827 10820 
1810 1806 1822 10830 
1808 1808 1815 10840 
1818 1812 1833 10850 
1819 1811 1825 10860 
1822 1809 1829 10870 
1817 1812 1820 10880 
1821 1809 1820 10890 
1817 1812 1832 10900 
1824 1850 1870 10910 
1926 1800 1832 10920 
1960 1673 1715 10930 
1464 2134 2066 10940 
1532 1961 1864 10950 
2106 1458 1496 10960 
1761 1962 1997 10970 
1823 1781 1729 10980 
1947 1745 1731 10990 
1770 1902 1948 11000 
1890 1717 1736 11010 
1747 1897 1912 11020 
1835 1775 1811 11030 
1829 1808 1832 11040 
1761 1855 1875 11050 
1858 1761 1795 11060 
1786 1857 1883 11070 
1844 1781 1810 11080 
1807 1820 1852 11090 
1796 1817 1845 11100 
1847 1791 1812 11110 
1787 1841 1859 11120 
1823 1788 1806 11130 
1803 1822 1844 11140 
1816 1808 1829 11150 
1828 1805 1824 11160 
1798 1826 1839 11170 
1831 1797 1816 11180 
1811 1819 1835 11190 
1814 1809 1824 11200 
1817 1809 1828 11210 
1820 1824 1844 11220 
1840 1818 1835 11230 
1819 1825 1835 11240 
1822 1811 1828 11250 
1826 1825 1841 11260 
1828 1826 1839 11270 
1825 1820 1834 11280 
1822 1827 1846 11290 
1825 1820 1829 11300 
1836 1822 1834 11310 
1832 1822 1839 11320 
1819 1826 1851 11330 
1822 1827 1839 11340 
1835 1819 1831 11350 
1827 1828 1844 11360 
1834 1826 1839 11370 
1835 1821 1838 11380 
1834 1831 1840 11390 
1815 1830 1848 11400 
1805 1820 1842 11410 
1836 1817 1830 11420 
1829 1824 1838 11430 
1825 1819 1836 11440 
1835 1826 1835 11450 
1826 1825 1836 11460 
1831 1825 1834 11470 
1827 1822 1840 11480 
1826 1825 1841 11490 
1832 1826 1840 11500 
1822 1825 1837 11510 
1823 1823 1835 11520 
1828 1823 1842 11530 
1831 1825 1840 11540 
1828 1826 1835 11550 
1827 1823 1838 11560 
1830 1823 1837 11570 
1828 1825 1840 11580 
1830 1825 1844 11590 
1828 1824 1844 11600 
1823 1825 1838 11610 
1830 1822 1838 11620 
1829 1828 1840 11630 
1826 1823 1838 11640 
1830 1824 1842 11650 
1832 1827 1842 11660 
1828 1824 1836 11670 
1830 1826 1845 11680 
1829 1826 1845 11690 
1829 1825 1839 11700 
1831 1827 1842 11710 
1828 1825 1839 11720 
1828 1821 1842 11730 
1827 1826 1839 11740 
1825 1824 1835 11750 
1826 1823 1842 11760 
1825 1822 1836 11770 
1826 1820 1833 11780 
1827 1825 1834 11790 
1830 1823 1843 11800 
1829 1821 1838 11810 
1832 1823 1840 11820 
1833 1824 1844 11830 
1829 1824 1840 11840 
1830 1827 1842 11850 
1833 1828 1840 11860 
1829 1826 1838 11870 
1827 1826 1843 11880 
1828 1825 1840 11890 
1828 1828 1840 11900 
1826 1825 1839 11910 
1826 1824 1839 11920 
1826 1828 1842 11930 
1829 1824 1842 11940 
1830 1826 1840 11950 
1826 1826 1837 11960 
1830 1827 1840 11970 
1827 1827 1841 11980 
1827 1823 1839 11990 
1828 1823 1836 12000 
1828 1822 1838 12010 
1828 1822 1842 12020 
1827 1824 1842 12030 
1825 1826 1834 12040 
1828 1826 1841 12050 
1829 1822 1842 12060 
1828 1826 1843 12070 
1829 1824 1836 12080 
1829 1825 1840 12090 
1829 1825 1841 12100 
1831 1826 1844 12110 
1831 1827 1844 12120 
1830 1824 1838 12130 
1828 1821 1838 12140 
1826 1826 1839 12150 
1828 1830 1840 12160 
1829 1824 1845 12170 
1827 1827 1843 12180 
1826 1820 1841 12190 
1833 1828 1844 12200 
1825 1826 1833 12210 
1827 1824 1840 12220 
1830 1824 1843 12230 
1829 1827 1838 12240 
1830 1821 1840 12250 
1828 1823 1838 12260 
1828 1826 1841 12270 
1830 1824 1843 12280 
1828 1829 1840 12290 
1831 1824 1844 12300 
1831 1827 1846 12310 
1830 1824 1839 12320 
1830 1823 1841 12330 
1830 1822 1840 12340 
1830 1823 1841 12350 
1831 1824 1834 12360 
1831 1826 1843 12370 
1829 1822 1842 12380 
1826 1825 1836 12390 
1827 1827 1834 12400 
1828 1828 1839 12410 
1829 1827 1842 12420 
1828 1825 1838 12430 
1831 1829 1842 12440 
1828 1826 1838 12450 
1829 1825 1843 12460 
1830 1823 1843 12470 
1830 1827 1838 12480 
1828 1825 1837 12490 
1830 1825 1842 12500 
1828 1825 1833 12510 
1827 1827 1839 12520 
1830 1822 1840 12530 
1828 1820 1838 12540 
1828 1824 1836 12550 
1825 1826 1833 12560 
1831 1827 1847 12570 
1830 1824 1844 12580 
1832 1825 1840 12590 
1826 1825 1835 12600 
1825 1826 1840 12610 
1830 1827 1844 12620 
1833 1829 1845 12630 
1831 1829 1842 12640 
1829 1822 1843 12650 
1830 1825 1840 12660 
1833 1830 1843 12670 
1830 1824 1842 12680 
1829 1825 1834 12690 
1829 1821 1842 12700 
1828 1829 1835 12710 
1831 1826 1841 12720 
1829 1828 1845 12730 
1832 1827 1845 12740 
1830 1829 1840 12750 
1828 1827 1844 12760 
1830 1824 1841 12770 
1831 1824 1841 12780 
1831 1826 1838 12790 
1832 1829 1842 12800 
1832 1827 1845 12810 
1828 1828 1838 12820 
1832 1829 1843 12830 
1828 1828 1843 12840 
1830 1828 1845 12850 
1828 1823 1840 12860 
1831 1827 1839 12870 
1831 1827 1841 12880 
1830 1828 1844 12890 
1833 1827 1846 12900 
1835 1829 1841 12910 
1829 1826 1842 12920 
1832 1826 1843 12930 
1830 1825 1839 12940 
1833 1827 1843 12950 
1828 1829 1835 12960 
1833 1829 1846 12970 
1833 1827 1845 12980 
1831 1832 1845 12990 
1830 1828 1842 13000 
1829 1822 1842 13010 
1828 1829 1835 13020 
1832 1826 1843 13030 
1832 1827 1844 13040 
1830 1829 1844 13050 
1830 1829 1843 13060 
1831 1828 1844 13070 
1836 1827 1847 13080 
1832 1824 1841 13090 
1832 1823 1838 13100 
1829 1830 1839 13110 
1832 1831 1846 13120 
1829 1830 1843 13130 
1831 1831 1844 13140 
1830 1828 1845 13150 
1830 1827 1844 13160 
1830 1824 1841 13170 
1831 1825 1840 13180 
1833 1827 1843 13190 
1831 1831 1845 13200 
1830 1828 1843 13210 
1832 1830 1844 13220 
1829 1829 1838 13230 
1836 1828 1848 13240 
1835 1828 1849 13250 
1833 1828 1843 13260 
1833 1826 1842 13270 
1833 1830 1847 13280 
1831 1830 1845 13290 
1833 1828 1842 13300 
1831 1826 1845 13310 
1832 1829 1849 13320 
1832 1828 1848 13330 
1833 1828 1844 13340 
1833 1828 1844 13350 
1833 1828 1846 13360 
1831 1827 1843 13370 
1828 1829 1838 13380 
1832 1824 1844 13390 
1833 1831 1850 13400 
1829 1826 1841 13410 
1833 1831 1844 13420 
1835 1829 1847 13430 
1833 1826 1838 13440 
1832 1828 1841 13450 
1833 1827 1843 13460 
1830 1827 1842 13470 
1833 1831 1847 13480 
1828 1830 1842 13490 
1830 1830 1838 13500 
1830 1830 1843 13510 
1834 1827 1848 13520 
1830 1829 1841 13530 
1831 1829 1841 13540 
1833 1828 1847 13550 
1832 1826 1845 13560 
1833 1825 1843 13570 
1831 1831 1842 13580 
1833 1825 1841 13590 
1832 1826 1845 13600 
1827 1826 1840 13610 
1831 1824 1838 13620 
1832 1830 1849 13630 
1830 1831 1846 13640 
1830 1828 1844 13650 
1831 1827 1838 13660 
1834 1829 1844 13670 
1830 1828 1842 13680 
1833 1829 1846 13690 
1827 1829 1840 13700 
1831 1828 1845 13710 
1830 1828 1843 13720 
1832 1829 1848 13730 
1833 1823 1841 13740 
1831 1825 1844 13750 
1817 1810 1827 13760 
1818 1818 1833 13770 
1823 1821 1834 13780 
1820 1811 1832 13790 
1815 1806 1827 13800 
1814 1814 1829 13810 
1819 1814 1831 13820 
1817 1814 1826 13830 
1815 1808 1826 13840 
1813 1810 1827 13850 
1818 1819 1829 13860 
1814 1812 1832 13870 
1811 1810 1823 13880 
1810 1811 1821 13890 
1817 1814 1827 13900 
1818 1814 1830 13910 
1815 1810 1828 13920 
1808 1811 1821 13930 
1816 1814 1827 13940 
1815 1816 1831 13950 
1812 1813 1830 13960 
1813 1811 1825 13970 
1814 1812 1823 13980 
1819 1815 1828 13990 
1817 1811 1827 14000 
1815 1806 1825 14010 
1818 1813 1827 14020 
1813 1812 1831 14030 
1812 1812 1832 14040 
1814 1812 1829 14050 
1812 1815 1826 14060 
1815 1813 1825 14070 
1813 1812 1826 14080 
1812 1811 1821 14090 
1814 1814 1823 14100 
1816 1808 1825 14110 
1817 1810 1824 14120 
1815 1809 1825 14130 
1815 1812 1826 14140 
1812 1813 1821 14150 
1813 1812 1827 14160 
1816 1808 1827 14170 
1813 1813 1822 14180 
1814 1810 1828 14190 
1809 1811 1821 14200 
1814 1808 1822 14210 
1811 1807 1819 14220 
1811 1812 1823 14230 
1811 1812 1824 14240 
1813 1813 1827 14250 
1808 1812 1819 14260 
1810 1806 1822 14270 
1813 1804 1821 14280 
1814 1811 1828 14290 
1814 1812 1823 14300 
1814 1807 1821 14310 
1810 1809 1826 14320 
1814 1809 1829 14330 
1810 1811 1821 14340 
1811 1811 1827 14350 
1810 1809 1827 14360 
1807 1809 1819 14370 
1814 1812 1828 14380 
1810 1809 1821 14390 
1813 1810 1826 14400 
1814 1809 1824 14410 
1813 1811 1823 14420 
1813 1811 1827 14430 
1812 1812 1826 14440 
1810 1810 1823 14450 
1814 1811 1825 14460 
1814 1808 1824 14470 
1809 1808 1822 14480 
1809 1806 1822 14490 
1807 1812 1817 14500 
1812 1808 1828 14510 
1809 1810 1822 14520 
1811 1807 1824 14530 
1811 1811 1821 14540 
1811 1811 1823 14550 
1815 1805 1825 14560 
1816 1808 1826 14570 
1808 1807 1817 14580 
1811 1810 1823 14590 
1812 1812 1826 14600 
1809 1809 1824 14610 
1812 1808 1825 14620 
1814 1808 1823 14630 
1810 1809 1821 14640 
1812 1812 1827 14650 
1810 1809 1824 14660 
1811 1811 1819 14670 
1814 1814 1824 14680 
1813 1807 1823 14690 
1813 1811 1827 14700 
1813 1809 1823 14710 
1812 1804 1826 14720 
1812 1807 1824 14730 
1809 1804 1820 14740 
1812 1812 1823 14750 
1810 1811 1821 14760 
1807 1809 1818 14770 
1810 1810 1824 14780 
1814 1811 1828 14790 
1811 1804 1823 14800 
1809 1811 1821 14810 
1812 1807 1824 14820 
1810 1811 1818 14830 
1815 1811 1823 14840 
1814 1803 1822 14850 
1813 1804 1822 14860 
1817 1804 1821 14870 
1814 1811 1822 14880 
1819 1812 1831 14890 
1809 1809 1820 14900 
1806 1810 1825 14910 
1799 1811 1821 14920 
1807 1821 1834 14930 
1817 1820 1834 14940 
1820 1815 1833 14950 
1818 1814 1829 14960 
1825 1812 1831 14970 
1817 1812 1825 14980 
1818 1810 1823 14990 
1822 1818 1831 15000 
1819 1814 1834 15010 
1812 1809 1827 15020 
1814 1811 1827 15030 
1812 1809 1828 15040 
1812 1811 1830 15050 
1810 1807 1823 15060 
1814 1813 1829 15070 
1816 1810 1826 15080 
1813 1813 1821 15090 
1814 1813 1824 15100 
1814 1811 1826 15110 
1815 1808 1827 15120 
1817 1810 1831 15130 
1817 1810 1826 15140 
1816 1812 1824 15150 
1811 1809 1823 15160 
1815 1812 1832 15170 
1815 1813 1830 15180 
1812 1812 1828 15190 
1811 1811 1823 15200 
1813 1814 1828 15210 
1813 1814 1824 15220 
1815 1812 1825 15230 
1811 1811 1826 15240 
1813 1810 1825 15250 
1815 1806 1824 15260 
1815 1810 1828 15270 
1813 1811 1830 15280 
1813 1812 1830 15290 
1814 1813 1826 15300 
1813 1812 1825 15310 
1812 1811 1826 15320 
1815 1807 1829 15330 
1815 1814 1826 15340 
1810 1811 1827 15350 
1814 1807 1827 15360 
1814 1811 1831 15370 
1811 1810 1822 15380 
1813 1809 1825 15390 
1808 1809 1822 15400 
1808 1810 1822 15410 
1806 1810 1816 15420 
1813 1808 1828 15430 
1813 1808 1823 15440 
1813 1806 1826 15450 
1815 1810 1826 15460 
1817 1810 1827 15470 
1813 1811 1827 15480 
1813 1806 1825 15490 
1814 1809 1822 15500 
1813 1806 1825 15510 
1816 1811 1829 15520 
1810 1805 1824 15530 
1812 1813 1825 15540 
1813 1810 1824 15550 
1816 1811 1831 15560 
1810 1804 1822 15570 
1812 1814 1825 15580 
1813 1809 1827 15590 
1813 1811 1826 15600 
1808 1810 1823 15610 
1811 1805 1821 15620 
1813 1812 1825 15630 
1812 1808 1830 15640 
1811 1809 1826 15650 
1812 1809 1823 15660 
1814 1811 1831 15670 
1811 1805 1822 15680 
1812 1807 1826 15690 
1812 1813 1825 15700 
1814 1807 1815 15710 
1814 1807 1827 15720 
1814 1809 1824 15730 
1813 1808 1823 15740 
1811 1803 1819 15750 
1810 1805 1824 15760 
1808 1806 1822 15770 
1811 1807 1823 15780 
1809 1805 1819 15790 
1813 1809 1830 15800 
1809 1805 1823 15810 
1810 1802 1819 15820 
1810 1808 1823 15830 
1810 1803 1822 15840 
1812 1807 1824 15850 
1811 1808 1821 15860 
1813 1812 1824 15870 
1814 1811 1827 15880 
1814 1809 1825 15890 
1813 1808 1823 15900 
1810 1809 1826 15910 
1809 1811 1822 15920 
1810 1808 1824 15930 
1812 1807 1822 15940 
1822 1820 1838 15950 
1830 1827 1844 15960 
1825 1822 1840 15970 
1823 1819 1832 15980 
1829 1826 1844 15990 
1831 1826 1842 16000 
1830 1824 1839 16010 
1832 1830 1841 16020 
1833 1828 1845 16030 
1829 1825 1844 16040 
1824 1829 1837 16050 
1826 1829 1839 16060 
1832 1826 1844 16070 
1830 1822 1844 16080 
1827 1828 1841 16090 
1827 1827 1835 16100 
1832 1827 1840 16110 
1830 1826 1844 16120 
1831 1826 1843 16130 
1832 1825 1838 16140 
1832 1824 1836 16150 
1824 1828 1834 16160 
1825 1827 1840 16170 
1827 1824 1842 16180 
1821 1822 1833 16190 
1829 1826 1838 16200 
1835 1830 1841 16210 
1833 1825 1845 16220 
1830 1828 1847 16230 
1827 1829 1847 16240 
1823 1827 1847 16250 
1823 1827 1840 16260 
1826 1825 1840 16270 
1827 1825 1834 16280 
1833 1825 1837 16290 
1832 1827 1842 16300 
1827 1825 1837 16310 
1830 1828 1843 16320 
1825 1824 1839 16330 
1817 1811 1830 16340 
1812 1807 1825 16350 
1813 1815 1822 16360 
1820 1818 1834 16370 
1812 1809 1823 16380 
1812 1809 1826 16390 
1817 1811 1828 16400 
1810 1807 1821 16410 
1811 1807 1822 16420 
1813 1811 1827 16430 
1812 1811 1819 16440 
1813 1806 1816 16450 
1811 1810 1824 16460 
1810 1809 1820 16470 
1813 1810 1824 16480 
1813 1810 1825 16490 
1815 1810 1828 16500 
1811 1808 1825 16510 
1811 1808 1820 16520 
1816 1813 1829 16530 
1811 1807 1825 16540 
1808 1807 1823 16550 
1811 1810 1821 16560 
1811 1809 1821 16570 
1810 1806 1818 16580 
1807 1805 1824 16590 
1809 1811 1823 16600 
1809 1809 1820 16610 
1808 1802 1819 16620 
1811 1808 1821 16630 
1813 1808 1819 16640 
1814 1808 1827 16650 
1813 1812 1822 16660 
1812 1809 1825 16670 
1815 1809 1827 16680 
1814 1813 1823 16690 
1813 1811 1824 16700 
1812 1809 1825 16710 
1815 1812 1828 16720 
1812 1806 1819 16730 
1814 1806 1822 16740 
1811 1810 1819 16750 
1812 1813 1829 16760 
1811 1814 1831 16770 
1806 1811 1826 16780 
1811 1810 1828 16790 
1810 1811 1829 16800 
1813 1808 1824 16810 
1812 1808 1821 16820 
1814 1809 1826 16830 
1814 1812 1827 16840 
1815 1813 1827 16850 
1815 1808 1828 16860 
1813 1802 1823 16870 
1812 1808 1822 16880 
1813 1811 1819 16890 
1812 1813 1821 16900 
1807 1807 1822 16910 
1811 1811 1831 16920 
1810 1811 1825 16930 
1814 1809 1827 16940 
1814 1808 1827 16950 
1814 1810 1825 16960 
1818 1808 1825 16970 
1815 1812 1824 16980 
1816 1812 1828 16990 
1818 1810 1830 17000 
1817 1812 1827 17010 
1813 1809 1825 17020 
1812 1809 1825 17030 
1812 1809 1827 17040 
1813 1810 1826 17050 
1810 1813 1824 17060 
1811 1809 1822 17070 
1811 1810 1827 17080 
1813 1813 1827 17090 
1814 1807 1827 17100 
1811 1809 1824 17110 
1807 1809 1818 17120 
1813 1809 1824 17130 
1812 1807 1821 17140 
1808 1810 1819 17150 
1813 1810 1828 17160 
1815 1807 1825 17170 
1812 1812 1823 17180 
1812 1808 1823 17190 
1813 1811 1830 17200 
1814 1814 1826 17210 
1813 1809 1823 17220 
1810 1811 1823 17230 
1814 1807 1825 17240 
1817 1813 1829 17250 
1814 1810 1825 17260 
1809 1810 1824 17270 
1812 1807 1828 17280 
1809 1813 1820 17290 
1814 1811 1832 17300 
1812 1811 1826 17310 
1811 1810 1824 17320 
1814 1812 1825 17330 
1813 1808 1822 17340 
1814 1811 1825 17350 
1814 1811 1821 17360 
1817 1812 1827 17370 
1812 1812 1826 17380 
1810 1810 1826 17390 
1810 1811 1828 17400 
1812 1811 1827 17410 
1809 1812 1821 17420 
1812 1810 1826 17430 
1812 1809 1825 17440 
1815 1807 1822 17450 
1812 1808 1829 17460 
1814 1809 1826 17470 
1813 1808 1825 17480 
1816 1809 1827 17490 
1818 1812 1825 17500 
1816 1809 1830 17510 
1814 1813 1827 17520 
1813 1808 1824 17530 
1807 1812 1822 17540 
1812 1808 1828 17550 
1810 1813 1826 17560 
1814 1812 1826 17570 
1815 1812 1828 17580 
1812 1804 1824 17590 
1811 1813 1827 17600 
1813 1815 1824 17610 
1816 1811 1827 17620 
1809 1809 1823 17630 
1810 1808 1823 17640 
1811 1811 1825 17650 
1811 1810 1827 17660 
1812 1811 1827 17670 
1813 1808 1822 17680 
1818 1811 1825 17690 
1819 1808 1823 17700 
1816 1805 1818 17710 
1815 1808 1824 17720 
1812 1813 1823 17730 
1808 1811 1830 17740 
1806 1814 1822 17750 
1810 1815 1824 17760 
1809 1812 1823 17770 
1815 1806 1825 17780 
1815 1812 1822 17790 
1813 1811 1829 17800 
1814 1809 1827 17810 
1815 1807 1825 17820 
1816 1812 1825 17830 
1813 1809 1826 17840 
1809 1811 1826 17850 
1811 1810 1827 17860 
1809 1815 1819 17870 
1808 1810 1827 17880 
1805 1809 1823 17890 
1811 1808 1825 17900 
1813 1812 1819 17910 
1819 1809 1825 17920 
1818 1811 1828 17930 
1817 1811 1827 17940 
1815 1809 1821 17950 
1811 1810 1825 17960 
1814 1808 1827 17970 
1810 1804 1822 17980 
1813 1811 1827 17990 
1813 1808 1821 18000 
1812 1802 1825 18010 
1808 1805 1821 18020 
1807 1809 1824 18030 
1806 1805 1824 18040 
1811 1810 1829 18050 
1811 1807 1825 18060 
1810 1814 1820 18070 
1810 1813 1815 18080 
1813 1808 1824 18090 
1811 1811 1824 18100 
1814 1810 1824 18110 
1812 1806 1825 18120 
1810 1807 1820 18130 
1810 1809 1824 18140 
1812 1806 1819 18150 
1815 1812 1826 18160 
1817 1810 1831 18170 
1816 1809 1827 18180 
1818 1807 1824 18190 
1817 1812 1827 18200 
1815 1813 1826 18210 
1813 1812 1818 18220 
1814 1809 1827 18230 
1811 1814 1827 18240 
1811 1809 1826 18250 
1812 1813 1827 18260 
1810 1810 1819 18270 
1812 1811 1827 18280 
1812 1807 1828 18290 
1810 1807 1818 18300 
1814 1811 1827 18310 
1815 1811 1827 18320 
1815 1810 1827 18330 
1815 1815 1827 18340 
1813 1812 1823 18350 
1811 1810 1828 18360 
1807 1811 1823 18370 
1809 1812 1824 18380 
1808 1810 1822 18390 
1810 1810 1827 18400 
1809 1808 1826 18410 
1810 1806 1823 18420 
1808 1812 1821 18430 
1812 1808 1828 18440 
1811 1808 1819 18450 
1819 1810 1826 18460 
1820 1809 1825 18470 
1820 1811 1831 18480 
1812 1807 1822 18490 
1816 1809 1826 18500 
1814 1813 1826 18510 
1808 1811 1821 18520 
1809 1811 1823 18530 
1809 1810 1820 18540 
1812 1809 1828 18550 
1809 1808 1825 18560 
1809 1807 1822 18570 
1805 1810 1816 18580 
1813 1814 1826 18590 
1812 1810 1828 18600 
1813 1809 1827 18610 
1816 1810 1823 18620 
1814 1812 1826 18630 
1812 1808 1822 18640 
1810 1812 1829 18650 
1814 1814 1831 18660 
1814 1808 1822 18670 
1813 1806 1823 18680 
1816 1806 1820 18690 
1816 1810 1825 18700 
1816 1808 1830 18710 
1816 1806 1822 18720 
1814 1805 1824 18730 
1811 1814 1820 18740 
1806 1813 1820 18750 
1806 1805 1822 18760 
1805 1809 1822 18770 
1805 1813 1821 18780 
1809 1813 1828 18790 
1809 1810 1827 18800 
1812 1805 1827 18810 
1813 1810 1821 18820 
1820 1809 1830 18830 
1816 1807 1821 18840 
1817 1809 1822 18850 
1819 1811 1824 18860 
1816 1812 1824 18870 
1813 1808 1822 18880 
1815 1810 1823 18890 
1812 1813 1819 18900 
1809 1812 1820 18910 
1811 1809 1827 18920 
1809 1810 1827 18930 
1809 1812 1825 18940 
1809 1811 1822 18950 
1809 1810 1828 18960 
1810 1806 1823 18970 
1816 1813 1829 18980 
1812 1812 1827 18990 
1811 1812 1827 19000 
1807 1810 1821 19010 
1814 1808 1826 19020 
1809 1812 1823 19030 
1812 1809 1828 19040 
1812 1809 1824 19050 
1819 1818 1827 19060 
1830 1828 1848 19070 
1821 1823 1833 19080 
1816 1816 1827 19090 
1827 1827 1841 19100 
1829 1830 1837 19110 
1829 1819 1840 19120 
1830 1824 1842 19130 
1826 1828 1835 19140 
1825 1826 1840 19150 
1828 1830 1844 19160 
1825 1825 1839 19170 
1829 1828 1839 19180 
1828 1829 1840 19190 
1825 1827 1838 19200 
1830 1821 1843 19210 
1826 1823 1836 19220 
1826 1825 1840 19230 
1827 1825 1842 19240 
1828 1824 1842 19250 
1829 1828 1844 19260 
1828 1824 1836 19270 
1828 1830 1841 19280 
1834 1823 1836 19290 
1845 1823 1842 19300 
1837 1829 1843 19310 
1825 1831 1846 19320 
1816 1828 1840 19330 
1812 1823 1839 19340 
1820 1824 1844 19350 
1827 1821 1832 19360 
1825 1827 1837 19370 
1825 1827 1839 19380 
1826 1826 1835 19390 
1834 1828 1842 19400 
1833 1826 1843 19410 
1833 1827 1844 19420 
1829 1826 1840 19430 
1829 1825 1840 19440 
1825 1825 1836 19450 
1827 1826 1844 19460 
1827 1828 1843 19470 
1827 1828 1842 19480 
1821 1826 1838 19490 
1820 1824 1832 19500 
1827 1824 1838 19510 
1829 1823 1839 19520 
1826 1820 1835 19530 
1825 1825 1841 19540 
1825 1822 1837 19550 
1825 1826 1832 19560 
1827 1825 1839 19570 
1831 1827 1842 19580 
1830 1821 1839 19590 
1828 1824 1833 19600 
1827 1823 1834 19610 
1828 1824 1843 19620 
1823 1821 1837 19630 
1817 1821 1830 19640 
1812 1809 1827 19650 
1816 1810 1831 19660 
1821 1816 1834 19670 
1815 1814 1829 19680 
1810 1806 1821 19690 
1811 1809 1824 19700 
1811 1808 1828 19710 
1808 1811 1820 19720 
1810 1805 1825 19730 
1810 1809 1827 19740 
1806 1808 1820 19750 
1811 1807 1823 19760 
1811 1809 1824 19770 
1809 1806 1822 19780 
1807 1809 1816 19790 
1808 1807 1818 19800 
1805 1809 1821 19810 
1807 1809 1822 19820 
1811 1806 1815 19830 
1810 1804 1823 19840 
1809 1808 1823 19850 
1810 1806 1824 19860 
1811 1805 1818 19870 
1813 1811 1825 19880 
1810 1806 1820 19890 
1810 1804 1820 19900 
1811 1812 1824 19910 
1811 1804 1823 19920 
1809 1809 1822 19930 
1809 1806 1823 19940 
1812 1809 1821 19950 
1810 1811 1821 19960 
1813 1807 1827 19970 
1811 1811 1825 19980 
1814 1812 1827 19990 
1811 1808 1821 20000 
1812 1808 1828 20010 
1809 1807 1816 20020 
1813 1811 1826 20030 
1809 1812 1823 20040 
1811 1806 1824 20050 
1811 1811 1825 20060 
1813 1809 1824 20070 
1810 1809 1825 20080 
1810 1805 1826 20090 
1811 1807 1826 20100 
1808 1810 1818 20110 
1811 1806 1822 20120 
1809 1805 1820 20130 
1810 1809 1824 20140 
1811 1807 1819 20150 
1812 1807 1825 20160 
1811 1810 1825 20170 
1809 1807 1822 20180 
1812 1808 1823 20190 
1811 1812 1822 20200 
1804 1808 1816 20210 
1810 1808 1826 20220 
1809 1808 1819 20230 
1808 1809 1827 20240 
1803 1809 1818 20250 
1811 1808 1823 20260 
1809 1810 1817 20270 
1812 1810 1825 20280 
1810 1811 1824 20290 
1806 1809 1819 20300 
1812 1807 1822 20310 
1809 1805 1823 20320 
1810 1810 1826 20330 
1809 1810 1817 20340 
1809 1807 1819 20350 
1810 1804 1820 20360 
1812 1804 1816 20370 
1813 1806 1822 20380 
1814 1807 1822 20390 
1813 1811 1825 20400 
1814 1809 1824 20410 
1812 1806 1819 20420 
1812 1810 1824 20430 
1812 1809 1825 20440 
1811 1808 1827 20450 
1811 1807 1826 20460 
1809 1807 1820 20470 
1809 1808 1820 20480 
1810 1805 1822 20490 
1811 1809 1823 20500 
1809 1804 1823 20510 
1807 1804 1818 20520 
1802 1806 1814 20530 
1812 1805 1823 20540 
1810 1809 1822 20550 
1811 1809 1825 20560 
1810 1807 1822 20570 
1813 1809 1825 20580 
1810 1807 1824 20590 
1807 1802 1823 20600 
1798 1806 1817 20610 
1805 1807 1823 20620 
1807 1805 1819 20630 
1806 1805 1823 20640 
1806 1810 1824 20650 
1809 1810 1822 20660 
1811 1805 1822 20670 
1810 1807 1824 20680 
1812 1808 1823 20690 
1812 1810 1822 20700 
1813 1807 1819 20710 
1811 1803 1820 20720 
1810 1804 1821 20730 
1811 1809 1822 20740 
1809 1803 1819 20750 
1810 1803 1824 20760 
1809 1805 1823 20770 
1811 1811 1824 20780 
1809 1809 1817 20790 
1812 1806 1824 20800 
1811 1801 1823 20810 
1806 1809 1815 20820 
1810 1807 1818 20830 
1811 1809 1823 20840 
1809 1807 1820 20850 
1812 1808 1827 20860 
1808 1805 1823 20870 
1805 1808 1817 20880 
1808 1808 1819 20890 
1810 1808 1824 20900 
1810 1806 1825 20910 
1811 1810 1823 20920 
1809 1804 1823 20930 
1810 1807 1824 20940 
1808 1800 1819 20950 
1811 1807 1822 20960 
1812 1809 1823 20970 
1808 1806 1822 20980 
1811 1806 1824 20990 
1809 1811 1823 21000 
1807 1807 1821 21010 
1808 1806 1819 21020 
1810 1808 1826 21030 
1808 1807 1817 21040 
1810 1811 1822 21050 
1808 1808 1822 21060 
1808 1809 1823 21070 
1811 1808 1825 21080 
1809 1808 1827 21090 
1808 1807 1822 21100 
1809 1807 1825 21110 
1809 1803 1816 21120 
1809 1805 1818 21130 
1808 1803 1819 21140 
1811 1807 1825 21150 
1809 1810 1820 21160 
1807 1808 1822 21170 
1807 1804 1820 21180 
1808 1802 1819 21190 
1810 1810 1823 21200 
1811 1805 1818 21210 
1808 1804 1819 21220 
1810 1805 1822 21230 
1809 1808 1821 21240 
1808 1805 1819 21250 
1809 1804 1824 21260 
1807 1803 1821 21270 
1811 1805 1815 21280 
1810 1810 1824 21290 
1812 1806 1826 21300 
1809 1809 1823 21310 
1810 1810 1823 21320 
1810 1803 1823 21330 
1808 1806 1820 21340 
1808 1807 1817 21350 
1809 1806 1824 21360 
1809 1810 1822 21370 
1810 1806 1820 21380 
1811 1807 1826 21390 
1809 1802 1820 21400 
1807 1810 1816 21410 
1812 1807 1826 21420 
1804 1806 1815 21430 
1808 1806 1822 21440 
1810 1808 1823 21450 
1811 1806 1823 21460 
1811 1806 1822 21470 
1809 1809 1824 21480 
1812 1808 1826 21490 
1809 1805 1821 21500 
1808 1801 1819 21510 
1807 1801 1818 21520 
1808 1808 1818 21530 
1808 1805 1815 21540 
1808 1806 1821 21550 
1804 1807 1818 21560 
1806 1802 1818 21570 
1810 1807 1826 21580 
1809 1803 1820 21590 
1808 1808 1822 21600 
1811 1809 1821 21610 
1812 1806 1822 21620 
1810 1806 1821 21630 
1810 1807 1826 21640 
1812 1807 1823 21650 
1811 1806 1824 21660 
1808 1804 1820 21670 
1807 1805 1818 21680 
1811 1808 1821 21690 
1809 1807 1817 21700 
1808 1807 1819 21710 
1810 1807 1825 21720 
1808 1808 1819 21730 
1807 1806 1821 21740 
1810 1810 1824 21750 
1811 1806 1821 21760 
1811 1806 1822 21770 
1808 1808 1816 21780 
1809 1806 1824 21790 
1806 1807 1823 21800 
1809 1807 1823 21810 
1806 1809 1822 21820 
1812 1806 1825 21830 
1808 1804 1818 21840 
1812 1807 1822 21850 
1812 1809 1825 21860 
1814 1807 1823 21870 
1813 1806 1824 21880 
1811 1811 1822 21890 
1810 1808 1819 21900 
1811 1808 1827 21910 
1810 1804 1822 21920 
1806 1808 1816 21930 
1808 1807 1820 21940 
1810 1806 1823 21950 
1807 1809 1823 21960 
1805 1809 1817 21970 
1809 1808 1816 21980 
1806 1807 1821 21990 
1811 1807 1827 22000 
1809 1808 1821 22010 
1810 1805 1819 22020 
1809 1804 1823 22030 
1807 1808 1821 22040 
1811 1804 1821 22050 
1811 1805 1818 22060 
1810 1805 1819 22070 
1808 1808 1818 22080 
1810 1805 1818 22090 
1805 1806 1815 22100 
1811 1804 1824 22110 
1811 1804 1823 22120 
1810 1810 1821 22130 
1810 1808 1821 22140 
1807 1807 1821 22150 
1808 1808 1825 22160 
1807 1810 1817 22170 
1810 1804 1823 22180 
1812 1805 1823 22190 
1808 1808 1818 22200 
1811 1806 1818 22210 
1810 1811 1821 22220 
1803 1807 1815 22230 
1808 1804 1822 22240 
1807 1808 1821 22250 
1805 1808 1819 22260 
1808 1810 1824 22270 
1808 1808 1826 22280 
1812 1810 1825 22290 
1811 1810 1823 22300 
1810 1809 1825 22310 
1808 1807 1823 22320 
1804 1809 1816 22330 
1809 1802 1821 22340 
1807 1804 1819 22350 
1808 1809 1823 22360 
1809 1804 1820 22370 
1809 1811 1821 22380 
1810 1805 1822 22390 
1812 1806 1822 22400 
1809 1810 1819 22410 
1810 1801 1821 22420 
1810 1807 1825 22430 
1813 1808 1823 22440 
1807 1806 1819 22450 
1804 1807 1817 22460 
1807 1807 1820 22470 
1809 1805 1818 22480 
1808 1809 1821 22490 
1807 1809 1824 22500 
1809 1804 1820 22510 
1804 1807 1815 22520 
1809 1804 1818 22530 
1805 1806 1818 22540 
1806 1804 1819 22550 
1812 1807 1822 22560 
1813 1805 1815 22570 
1810 1808 1826 22580 
1808 1807 1818 22590 
1810 1811 1821 22600 
1808 1806 1819 22610 
1810 1807 1823 22620 
1808 1807 1821 22630 
1811 1811 1822 22640 
1807 1809 1816 22650 
1808 1804 1820 22660 
1809 1809 1824 22670 
1811 1805 1823 22680 
1805 1807 1819 22690 
1808 1806 1820 22700 
1807 1801 1819 22710 
1808 1808 1820 22720 
1806 1808 1817 22730 
1808 1808 1822 22740 
1810 1803 1822 22750 
1808 1809 1818 22760 
1810 1809 1823 22770 
1810 1808 1824 22780 
1804 1805 1814 22790 
1812 1809 1825 22800 
1811 1810 1821 22810 
1812 1805 1823 22820 
1811 1803 1823 22830 
1808 1806 1818 22840 
1811 1805 1824 22850 
1810 1807 1827 22860 
1805 1803 1818 22870 
1803 1809 1813 22880 
1808 1811 1824 22890 
1809 1810 1823 22900 
1810 1807 1823 22910 
1806 1809 1816 22920 
1810 1809 1826 22930 
1810 1806 1818 22940 
1811 1805 1817 22950 
1812 1806 1822 22960 
1811 1806 1824 22970 
1813 1808 1825 22980 
1809 1807 1824 22990 
1810 1802 1820 23000 
1807 1805 1817 23010 
1806 1807 1813 23020 
1812 1808 1822 23030 
1810 1803 1823 23040 
1809 1803 1822 23050 
1806 1808 1816 23060 
1807 1803 1820 23070 
1808 1809 1825 23080 
1807 1804 1819 23090 
1810 1809 1824 23100 
1808 1805 1820 23110 
1812 1808 1827 23120 
1808 1806 1823 23130 
1810 1811 1824 23140 
1807 1806 1824 23150 
1808 1803 1820 23160 
1805 1807 1817 23170 
1808 1808 1816 23180 
1810 1806 1817 23190 
1809 1805 1818 23200 
1806 1808 1820 23210 
1811 1810 1824 23220 
1809 1809 1824 23230 
1809 1808 1822 23240 
1809 1805 1820 23250 
1812 1804 1821 23260 
1812 1804 1822 23270 
1809 1803 1822 23280 
1807 1807 1822 23290 
1808 1808 1819 23300 
1809 1805 1820 23310 
1810 1805 1825 23320 
1809 1806 1825 23330 
1811 1804 1821 23340 
1807 1809 1819 23350 
1811 1808 1826 23360 
1810 1809 1825 23370 
1815 1813 1825 23380 
1825 1821 1841 23390 
1824 1819 1840 23400 
1815 1811 1829 23410 
1822 1821 1837 23420 
1824 1823 1833 23430 
1817 1822 1827 23440 
1821 1820 1833 23450 
1820 1821 1833 23460 
1825 1822 1835 23470 
1824 1823 1829 23480 
1824 1818 1832 23490 
1824 1823 1833 23500 
1826 1825 1838 23510 
1827 1822 1840 23520 
1824 1821 1831 23530 
1827 1821 1839 23540 
1825 1819 1834 23550 
1825 1822 1839 23560 
1824 1822 1836 23570 
1824 1826 1840 23580 
1827 1822 1838 23590 
1826 1825 1839 23600 
1829 1823 1843 23610 
1826 1825 1842 23620 
1826 1822 1834 23630 
1825 1824 1835 23640 
1828 1823 1842 23650 
1826 1819 1839 23660 
1830 1824 1841 23670 
1824 1825 1837 23680 
1826 1821 1838 23690 
1827 1825 1840 23700 
1828 1826 1842 23710 
1825 1827 1836 23720 
1829 1823 1842 23730 
1827 1826 1838 23740 
1831 1829 1843 23750 
1828 1825 1839 23760 
1828 1826 1842 23770 
1827 1823 1842 23780 
1830 1825 1840 23790 
1828 1826 1839 23800 
1823 1826 1837 23810 
1828 1826 1845 23820 
1828 1823 1837 23830 
1827 1827 1843 23840 
1824 1826 1838 23850 
1825 1826 1840 23860 
1830 1828 1841 23870 
1829 1822 1838 23880 
1827 1827 1842 23890 
1829 1820 1842 23900 
1830 1825 1842 23910 
1824 1826 1836 23920 
1828 1826 1844 23930 
1829 1826 1843 23940 
1830 1829 1841 23950 
1829 1823 1836 23960 
1828 1826 1838 23970 
1826 1827 1840 23980 
1828 1822 1841 23990 
1828 1829 1842 24000 
1827 1825 1845 24010 
1826 1824 1840 24020 
1825 1825 1840 24030 
1829 1824 1836 24040 
1831 1823 1840 24050 
1829 1822 1842 24060 
1828 1823 1840 24070 
1829 1825 1837 24080 
1827 1821 1838 24090 
1827 1827 1841 24100 
1828 1824 1840 24110 
1828 1823 1837 24120 
1823 1826 1834 24130 
1827 1826 1842 24140 
1827 1822 1839 24150 
1828 1824 1837 24160 
1826 1820 1839 24170 
1824 1823 1839 24180 
1819 1822 1830 24190 
1827 1821 1837 24200 
1822 1826 1833 24210 
1825 1826 1839 24220 
1823 1826 1839 24230 
1822 1824 1829 24240 
1826 1827 1841 24250 
1827 1824 1841 24260 
1825 1821 1835 24270 
1824 1825 1831 24280 
1831 1826 1842 24290 
1827 1823 1839 24300 
1825 1824 1835 24310 
1828 1822 1837 24320 
1823 1825 1837 24330 
1826 1818 1838 24340 
1827 1821 1840 24350 
1829 1825 1838 24360 
1825 1824 1835 24370 
1826 1824 1841 24380 
1828 1824 1844 24390 
1829 1823 1841 24400 
1829 1824 1845 24410 
1826 1823 1841 24420 
1825 1823 1840 24430 
1829 1827 1840 24440 
1828 1828 1841 24450 
1820 1822 1832 24460 
1825 1820 1837 24470 
1828 1826 1842 24480 
1828 1822 1839 24490 
1822 1820 1835 24500 
1825 1818 1837 24510 
1824 1823 1837 24520 
1827 1819 1835 24530 
1826 1823 1835 24540 
1829 1824 1843 24550 
1828 1823 1837 24560 
1828 1824 1839 24570 
1825 1825 1840 24580 
1826 1821 1839 24590 
1824 1822 1839 24600 
1825 1825 1837 24610 
1827 1826 1840 24620 
1823 1823 1832 24630 
1827 1826 1842 24640 
1826 1826 1835 24650 
1828 1823 1839 24660 
1827 1818 1837 24670 
1829 1824 1844 24680 
1827 1826 1837 24690 
1827 1827 1840 24700 
1827 1824 1840 24710 
1826 1825 1840 24720 
1827 1825 1838 24730 
1827 1825 1843 24740 
1825 1819 1837 24750 
1827 1823 1842 24760 
1826 1827 1839 24770 
1827 1821 1839 24780 
1822 1824 1837 24790 
1825 1821 1836 24800 
1827 1824 1835 24810 
1826 1824 1841 24820 
1823 1825 1834 24830 
1825 1825 1840 24840 
1829 1823 1840 24850 
1828 1823 1837 24860 
1825 1819 1836 24870 
1825 1827 1839 24880 
1825 1823 1835 24890 
1826 1822 1843 24900 
1827 1825 1842 24910 
1826 1822 1841 24920 
1828 1826 1840 24930 
1828 1821 1836 24940 
1830 1825 1844 24950 
1828 1821 1836 24960 
1827 1827 1837 24970 
1826 1824 1836 24980 
1827 1824 1837 24990 
1830 1827 1843 25000 
1829 1826 1841 25010 
1825 1823 1833 25020 
1827 1821 1841 25030 
1828 1826 1840 25040 
1826 1819 1839 25050 
1825 1825 1841 25060 
1819 1825 1835 25070 
1825 1822 1834 25080 
1827 1823 1841 25090 
1822 1824 1835 25100 
1824 1823 1840 25110 
1828 1825 1842 25120 
1824 1819 1835 25130 
1828 1823 1842 25140 
1827 1826 1838 25150 
1827 1826 1834 25160 
1832 1823 1839 25170 
1830 1823 1841 25180 
1827 1824 1833 25190 
1827 1824 1835 25200 
1829 1824 1842 25210 
1826 1826 1840 25220 
1823 1820 1835 25230 
1822 1825 1832 25240 
1826 1826 1839 25250 
1823 1817 1837 25260 
1824 1822 1840 25270 
1824 1826 1838 25280 
1824 1823 1840 25290 
1822 1824 1835 25300 
1825 1819 1836 25310 
1829 1825 1840 25320 
1827 1822 1834 25330 
1824 1823 1836 25340 
1828 1823 1843 25350 
1828 1820 1835 25360 
1828 1825 1841 25370 
1828 1824 1841 25380 
1823 1824 1837 25390 
1828 1828 1836 25400 
1828 1829 1840 25410 
1828 1826 1845 25420 
1826 1823 1841 25430 
1826 1825 1841 25440 
1825 1822 1841 25450 
1823 1824 1838 25460 
1823 1827 1841 25470 
1825 1821 1836 25480 
1824 1828 1836 25490 
1823 1824 1837 25500 
1825 1825 1839 25510 
1829 1823 1839 25520 
1831 1825 1838 25530 
1826 1824 1838 25540 
1828 1820 1835 25550 
1827 1824 1836 25560 
1827 1822 1842 25570 
1829 1821 1840 25580 
1827 1828 1838 25590 
1829 1824 1843 25600 
1825 1822 1838 25610 
1826 1822 1839 25620 
1824 1825 1831 25630 
1829 1822 1837 25640 
1826 1825 1840 25650 
1825 1824 1839 25660 
1824 1828 1838 25670 
1825 1819 1838 25680 
1824 1821 1836 25690 
1824 1824 1838 25700 
1821 1827 1833 25710 
1826 1828 1840 25720 
1825 1823 1840 25730 
1826 1825 1841 25740 
1828 1823 1839 25750 
1828 1825 1842 25760 
1825 1820 1835 25770 
1827 1823 1840 25780 
1822 1826 1831 25790 
1824 1826 1833 25800 
1824 1819 1838 25810 
1823 1821 1837 25820 
1827 1826 1840 25830 
1824 1827 1842 25840 
1824 1824 1842 25850 
1825 1824 1837 25860 
1829 1826 1842 25870 
1830 1827 1839 25880 
1831 1824 1843 25890 
1826 1824 1836 25900 
1833 1825 1842 25910 
1830 1821 1841 25920 
1827 1823 1836 25930 
1826 1820 1836 25940 
1826 1826 1835 25950 
1823 1825 1831 25960 
1825 1819 1835 25970 
1828 1826 1842 25980 
1828 1825 1837 25990 
1828 1820 1835 26000 
1828 1824 1837 26010 
1828 1820 1839 26020 
1828 1824 1840 26030 
1823 1826 1835 26040 
1825 1826 1841 26050 
1825 1819 1840 26060 
1821 1822 1836 26070 
1827 1826 1841 26080 
1825 1824 1841 26090 
1822 1825 1843 26100 
1822 1823 1838 26110 
1824 1821 1835 26120 
1822 1824 1841 26130 
1809 1814 1826 26140 
1804 1802 1817 26150 
1811 1812 1819 26160 
1818 1817 1828 26170 
1812 1805 1822 26180 
1808 1802 1818 26190 
1814 1806 1822 26200 
1808 1801 1817 26210 
1808 1805 1814 26220 
1812 1804 1822 26230 
1809 1807 1820 26240 
1810 1807 1825 26250 
1807 1806 1820 26260 
1811 1805 1824 26270 
1811 1804 1818 26280 
1809 1803 1819 26290 
1811 1803 1821 26300 
1810 1802 1819 26310 
1810 1805 1816 26320 
1810 1804 1819 26330 
1806 1806 1820 26340 
1806 1809 1824 26350 
1807 1811 1821 26360 
1806 1808 1823 26370 
1806 1808 1820 26380 
1803 1806 1813 26390 
1809 1804 1816 26400 
1809 1805 1816 26410 
1809 1805 1820 26420 
1811 1805 1825 26430 
1809 1809 1820 26440 
1811 1807 1823 26450 
1810 1805 1824 26460 
1810 1804 1823 26470 
1806 1809 1817 26480 
1809 1809 1823 26490 
1807 1802 1821 26500 
1803 1807 1822 26510 
1805 1808 1820 26520 
1805 1811 1824 26530 
1806 1807 1825 26540 
1805 1805 1824 26550 
1810 1807 1823 26560 
1808 1805 1822 26570 
1811 1805 1823 26580 
1813 1802 1815 26590 
1812 1808 1822 26600 
1816 1807 1821 26610 
1817 1807 1821 26620 
1813 1807 1824 26630 
1812 1809 1823 26640 
1813 1806 1821 26650 
1810 1810 1822 26660 
1811 1809 1825 26670 
1810 1805 1823 26680 
1811 1807 1823 26690 
1813 1807 1821 26700 
1808 1804 1818 26710 
1810 1806 1823 26720 
1809 1809 1821 26730 
1810 1806 1824 26740 
1808 1810 1825 26750 
1802 1808 1817 26760 
1807 1809 1826 26770 
1809 1810 1826 26780 
1808 1806 1823 26790 
1803 1808 1819 26800 
1805 1808 1816 26810 
1807 1807 1822 26820 
1803 1807 1818 26830 
1804 1806 1817 26840 
1803 1807 1812 26850 
1808 1809 1821 26860 
1807 1804 1819 26870 
1805 1807 1817 26880 
1808 1802 1818 26890 
1807 1803 1819 26900 
1809 1805 1821 26910 
1808 1804 1823 26920 
1812 1808 1820 26930 
1810 1810 1820 26940 
1811 1808 1821 26950 
1815 1806 1824 26960 
1812 1806 1816 26970 
1812 1809 1823 26980 
1814 1805 1823 26990 
1810 1805 1817 27000 
1810 1808 1819 27010 
1809 1810 1818 27020 
1808 1809 1823 27030 
1804 1809 1818 27040 
1808 1810 1823 27050 
1809 1807 1826 27060 
1804 1808 1823 27070 
1804 1807 1815 27080 
1810 1806 1821 27090 
1804 1801 1818 27100 
1804 1809 1820 27110 
1808 1806 1820 27120 
1810 1807 1827 27130 
1808 1805 1820 27140 
1809 1807 1817 27150 
1811 1804 1825 27160 
1807 1807 1816 27170 
1810 1805 1824 27180 
1808 1806 1816 27190 
1812 1809 1824 27200 
1809 1803 1819 27210 
1810 1809 1826 27220 
1807 1808 1817 27230 
1809 1808 1827 27240 
1807 1807 1823 27250 
1806 1803 1819 27260 
1808 1810 1821 27270 
1808 1805 1821 27280 
1807 1807 1825 27290 
1809 1805 1825 27300 
1807 1807 1821 27310 
1806 1803 1818 27320 
1809 1803 1821 27330 
1807 1804 1822 27340 
1811 1804 1818 27350 
1811 1805 1821 27360 
1804 1806 1816 27370 
1810 1805 1823 27380 
1810 1810 1820 27390 
1812 1806 1823 27400 
1812 1807 1825 27410 
1809 1801 1818 27420 
1810 1807 1812 27430 
1811 1809 1819 27440 
1808 1808 1818 27450 
1807 1808 1823 27460 
1809 1808 1825 27470 
1810 1806 1824 27480 
1810 1807 1820 27490 
1807 1807 1817 27500 
1812 1809 1819 27510 
1809 1808 1819 27520 
1802 1807 1815 27530 
1806 1808 1824 27540 
1808 1808 1822 27550 
1805 1804 1821 27560 
1806 1803 1823 27570 
1799 1806 1814 27580 
1806 1806 1822 27590 
1804 1808 1820 27600 
1802 1807 1813 27610 
1803 1806 1816 27620 
1808 1804 1814 27630 
1806 1806 1812 27640 
1811 1808 1825 27650 
1813 1809 1826 27660 
1812 1803 1820 27670 
1810 1802 1821 27680 
1810 1804 1823 27690 
1809 1807 1822 27700 
1812 1807 1822 27710 
1811 1806 1821 27720 
1811 1804 1821 27730 
1812 1807 1823 27740 
1807 1807 1813 27750 
1808 1802 1818 27760 
1810 1809 1826 27770 
1808 1806 1823 27780 
1808 1804 1816 27790 
1811 1806 1821 27800 
1807 1809 1821 27810 
1808 1808 1823 27820 
1806 1808 1815 27830 
1804 1805 1814 27840 
1807 1806 1820 27850 
1805 1801 1816 27860 
1806 1805 1816 27870 
1805 1805 1818 27880 
1806 1806 1824 27890 
1806 1803 1823 27900 
1804 1809 1815 27910 
1806 1804 1819 27920 
1806 1805 1821 27930 
1806 1803 1823 27940 
1810 1807 1824 27950 
1808 1807 1821 27960 
1808 1804 1823 27970 
1807 1803 1822 27980 
1807 1807 1818 27990 
1808 1801 1818 28000 
1809 1806 1821 28010 
1810 1804 1821 28020 
1808 1802 1816 28030 
1807 1809 1818 28040 
1809 1808 1823 28050 
1808 1804 1818 28060 
1810 1804 1817 28070 
1810 1801 1818 28080 
1808 1806 1815 28090 
1812 1803 1818 28100 
1815 1805 1820 28110 
1811 1800 1815 28120 
1815 1803 1818 28130 
1810 1805 1814 28140 
1809 1804 1819 28150 
1806 1804 1818 28160 
1799 1810 1816 28170 
1799 1808 1824 28180 
1799 1805 1824 28190 
1797 1808 1812 28200 
1802 1804 1824 28210 
1802 1803 1818 28220 
1802 1806 1815 28230 
1808 1808 1818 28240 
1811 1804 1818 28250 
1804 1807 1816 28260 
1811 1806 1824 28270 
1808 1807 1816 28280 
1811 1807 1825 28290 
1809 1805 1822 28300 
1804 1806 1817 28310 
1809 1807 1821 28320 
1810 1808 1821 28330 
1804 1806 1815 28340 
1807 1807 1820 28350 
1811 1806 1820 28360 
1810 1804 1819 28370 
1808 1804 1817 28380 
1810 1806 1823 28390 
1809 1808 1819 28400 
1809 1808 1820 28410 
1810 1804 1823 28420 
1809 1806 1824 28430 
1809 1804 1817 28440 
1811 1806 1825 28450 
1806 1808 1820 28460 
1808 1807 1820 28470 
1809 1804 1816 28480 
1809 1806 1815 28490 
1809 1807 1823 28500 
1810 1808 1826 28510 
1809 1809 1821 28520 
1806 1806 1817 28530 
1808 1804 1819 28540 
1810 1805 1823 28550 
1807 1809 1815 28560 
1804 1808 1813 28570 
1807 1806 1825 28580 
1809 1804 1823 28590 
1806 1808 1820 28600 
1807 1807 1823 28610 
1805 1806 1820 28620 
1805 1801 1819 28630 
1809 1806 1822 28640 
1805 1806 1821 28650 
1807 1807 1819 28660 
1801 1806 1817 28670 
1805 1805 1821 28680 
1807 1807 1824 28690 
1808 1805 1817 28700 
1811 1808 1821 28710 
1808 1807 1819 28720 
1811 1806 1820 28730 
1811 1810 1822 28740 
1811 1806 1822 28750 
1812 1802 1821 28760 
1809 1807 1821 28770 
1813 1809 1821 28780 
1810 1808 1816 28790 
1812 1806 1818 28800 
1813 1806 1815 28810 
1818 1804 1812 28820 
1808 1805 1818 28830 
1804 1808 1826 28840 
1803 1806 1826 28850 
1801 1808 1821 28860 
1797 1806 1819 28870 
1799 1804 1819 28880 
1798 1808 1819 28890 
1805 1804 1813 28900 
1806 1803 1820 28910 
1807 1808 1823 28920 
1808 1802 1823 28930 
1809 1801 1818 28940 
1810 1807 1819 28950 
1808 1805 1819 28960 
1808 1807 1822 28970 
1810 1806 1815 28980 
1806 1806 1817 28990 
1809 1805 1819 29000 
1806 1806 1817 29010 
1810 1810 1820 29020 
1807 1808 1815 29030 
1809 1808 1824 29040 
1807 1804 1818 29050 
1805 1808 1819 29060 
1807 1801 1819 29070 
1810 1805 1821 29080 
1806 1804 1813 29090 
1808 1803 1816 29100 
1808 1809 1819 29110 
1808 1806 1822 29120 
1810 1807 1827 29130 
1810 1805 1822 29140 
1809 1806 1827 29150 
1806 1804 1818 29160 
1806 1808 1816 29170 
1807 1806 1816 29180 
1808 1809 1822 29190 
1804 1806 1815 29200 
1807 1804 1823 29210 
1807 1808 1816 29220 
1811 1806 1819 29230 
1806 1807 1821 29240 
1809 1804 1823 29250 
1812 1808 1823 29260 
1807 1804 1817 29270 
1807 1802 1819 29280 
1810 1806 1823 29290 
1809 1807 1824 29300 
1809 1808 1817 29310 
1809 1805 1823 29320 
1809 1806 1823 29330 
1809 1804 1816 29340 
1807 1802 1817 29350 
1809 1804 1823 29360 
1808 1806 1824 29370 
1807 1809 1824 29380 
1808 1806 1822 29390 
1804 1807 1817 29400 
1810 1809 1824 29410 
1808 1810 1819 29420 
1805 1806 1815 29430 
1811 1806 1824 29440 
1808 1810 1826 29450 
1806 1809 1815 29460 
1816 1805 1821 29470 
1815 1806 1823 29480 
1811 1803 1819 29490 
1816 1818 1829 29500 
1826 1828 1845 29510 
1816 1819 1834 29520 
1807 1812 1827 29530 
1820 1825 1840 29540 
1824 1824 1840 29550 
1821 1820 1830 29560 
1829 1826 1842 29570 
1832 1826 1840 29580 
1833 1825 1842 29590 
1832 1827 1841 29600 
1829 1826 1839 29610 
1832 1824 1839 29620 
1830 1826 1838 29630 
1830 1824 1843 29640 
1826 1825 1839 29650 
1831 1826 1840 29660 
1829 1825 1839 29670 
1830 1825 1843 29680 
1831 1826 1846 29690 
1828 1823 1847 29700 
1827 1828 1843 29710 
1828 1831 1843 29720 
1826 1828 1842 29730 
1830 1829 1844 29740 
1829 1828 1843 29750 
1830 1826 1838 29760 
1830 1823 1840 29770 
1829 1829 1845 29780 
1828 1824 1839 29790 
1829 1827 1840 29800 
1826 1828 1843 29810 
1831 1828 1845 29820 
1828 1828 1842 29830 
1832 1826 1841 29840 
1828 1825 1836 29850 
1832 1824 1843 29860 
1830 1827 1842 29870 
1831 1825 1841 29880 
1827 1827 1842 29890 
1830 1826 1841 29900 
1828 1823 1839 29910 
1831 1826 1842 29920 
1831 1826 1842 29930 
1828 1827 1840 29940 
1829 1826 1844 29950 
1829 1831 1841 29960 
1827 1826 1840 29970 
1829 1827 1844 29980 
1827 1826 1839 29990 
1829 1828 1842 30000 
1830 1829 1843 30010 
