1875 1841 1853 10 
1837 1833 1846 20 
1832 1827 1844 30 
1835 1832 1844 40 
1832 1833 1850 50 
1832 1835 1846 60 
1837 1834 1843 70 
1831 1833 1843 80 
1835 1831 1845 90 
1835 1830 1844 100 
1834 1831 1844 110 
1839 1831 1845 120 
1836 1830 1846 130 
1838 1830 1847 140 
1836 1830 1845 150 
1834 1830 1844 160 
1836 1834 1843 170 
1837 1833 1851 180 
1833 1829 1842 190 
1834 1834 1847 200 
1837 1829 1846 210 
1838 1832 1845 220 
1838 1830 1847 230 
1836 1832 1847 240 
1838 1831 1845 250 
1835 1830 1846 260 
1838 1832 1844 270 
1837 1826 1846 280 
1836 1830 1846 290 
1835 1830 1838 300 
1833 1830 1843 310 
1836 1828 1850 320 
1835 1830 1844 330 
1831 1829 1840 340 
1834 1830 1845 350 
1831 1830 1839 360 
1837 1834 1843 370 
1833 1832 1847 380 
1835 1823 1845 390 
1836 1827 1846 400 
1831 1830 1841 410 
1836 1826 1847 420 
1831 1831 1840 430 
1834 1830 1841 440 
1835 1831 1846 450 
1836 1831 1847 460 
1840 1831 1847 470 
1837 1826 1844 480 
1836 1832 1845 490 
1838 1829 1847 500 
1836 1828 1845 510 
1835 1828 1843 520 
1831 1828 1838 530 
1833 1831 1843 540 
1832 1831 1845 550 
1834 1827 1844 560 
1836 1828 1839 570 
1834 1825 1842 580 
1841 1829 1845 590 
1837 1829 1842 600 
1839 1832 1851 610 
1834 1827 1845 620 
1829 1830 1841 630 
1836 1829 1847 640 
1832 1829 1844 650 
1828 1829 1838 660 
1832 1826 1842 670 
1834 1830 1848 680 
1837 1829 1847 690 
1839 1832 1849 700 
1844 1832 1850 710 
1839 1827 1844 720 
1836 1828 1844 730 
1835 1827 1846 740 
1836 1829 1848 750 
1834 1824 1843 760 
1831 1830 1842 770 
1835 1827 1844 780 
1837 1831 1846 790 
1832 1831 1840 800 
1836 1828 1847 810 
1836 1826 1847 820 
1835 1823 1844 830 
1834 1826 1846 840 
1835 1829 1849 850 
1837 1829 1848 860 
1835 1829 1843 870 
1837 1830 1843 880 
1838 1826 1847 890 
1835 1832 1846 900 
1835 1829 1847 910 
1833 1828 1842 920 
1832 1829 1844 930 
1837 1828 1848 940 
1836 1831 1852 950 
1836 1830 1849 960 
1837 1828 1848 970 
1835 1830 1845 980 
1839 1829 1848 990 
1835 1830 1846 1000 
1834 1831 1847 1010 
1835 1828 1846 1020 
1834 1828 1847 1030 
1840 1829 1842 1040 
1849 1834 1842 1050 
1848 1837 1847 1060 
1841 1824 1843 1070 
1834 1824 1840 1080 
1830 1824 1839 1090 
1831 1830 1839 1100 
1831 1831 1848 1110 
1827 1832 1851 1120 
1827 1835 1854 1130 
1828 1839 1853 1140 
1830 1827 1853 1150 
1830 1828 1846 1160 
1832 1826 1846 1170 
1835 1829 1843 1180 
1837 1833 1850 1190 
1838 1829 1843 1200 
1842 1829 1854 1210 
1840 1829 1849 1220 
1840 1826 1845 1230 
1836 1830 1846 1240 
1837 1831 1845 1250 
1836 1833 1845 1260 
1831 1831 1842 1270 
1835 1827 1847 1280 
1837 1831 1845 1290 
1837 1826 1849 1300 
1836 1830 1840 1310 
1836 1831 1844 1320 
1837 1825 1844 1330 
1835 1827 1842 1340 
1837 1832 1845 1350 
1836 1830 1845 1360 
1835 1831 1846 1370 
1837 1829 1848 1380 
1838 1828 1848 1390 
1838 1828 1851 1400 
1836 1825 1847 1410 
1834 1829 1842 1420 
1835 1832 1846 1430 
1838 1832 1849 1440 
1837 1829 1850 1450 
1834 1826 1847 1460 
1831 1827 1844 1470 
1833 1829 1846 1480 
1836 1830 1850 1490 
1835 1826 1850 1500 
1833 1831 1847 1510 
1837 1830 1852 1520 
1837 1830 1848 1530 
1838 1834 1846 1540 
1838 1833 1841 1550 
1840 1832 1845 1560 
1835 1831 1844 1570 
1835 1832 1849 1580 
1830 1831 1841 1590 
1834 1833 1847 1600 
1835 1828 1848 1610 
1835 1830 1845 1620 
1838 1829 1847 1630 
1837 1828 1849 1640 
1837 1829 1847 1650 
1835 1830 1850 1660 
1834 1828 1843 1670 
1839 1827 1846 1680 
1836 1833 1847 1690 
1839 1833 1844 1700 
1834 1832 1843 1710 
1835 1834 1847 1720 
1837 1828 1847 1730 
1837 1829 1847 1740 
1837 1831 1844 1750 
1836 1828 1847 1760 
1834 1830 1852 1770 
1835 1827 1849 1780 
1832 1825 1841 1790 
1832 1832 1843 1800 
1829 1828 1843 1810 
1833 1828 1850 1820 
1829 1823 1841 1830 
1829 1830 1846 1840 
1833 1824 1852 1850 
1834 1830 1846 1860 
1838 1827 1849 1870 
1838 1832 1848 1880 
1841 1830 1847 1890 
1842 1829 1848 1900 
1840 1831 1846 1910 
1840 1829 1846 1920 
1834 1833 1848 1930 
1830 1836 1844 1940 
1838 1835 1845 1950 
1840 1840 1851 1960 
1840 1829 1844 1970 
1843 1828 1848 1980 
1842 1825 1845 1990 
1840 1831 1842 2000 
1840 1830 1849 2010 
1835 1825 1842 2020 
1833 1829 1846 2030 
1834 1826 1850 2040 
1834 1830 1844 2050 
1832 1826 1848 2060 
1833 1830 1850 2070 
1834 1827 1846 2080 
1834 1830 1845 2090 
1838 1829 1851 2100 
1835 1829 1850 2110 
1835 1825 1850 2120 
1835 1828 1849 2130 
1836 1831 1852 2140 
1834 1826 1849 2150 
1832 1827 1844 2160 
1836 1831 1847 2170 
1838 1831 1851 2180 
1837 1828 1846 2190 
1839 1830 1844 2200 
1838 1832 1847 2210 
1836 1831 1847 2220 
1836 1831 1847 2230 
1838 1830 1852 2240 
1833 1829 1845 2250 
1832 1830 1843 2260 
1831 1830 1849 2270 
1835 1831 1851 2280 
1834 1833 1849 2290 
1836 1832 1852 2300 
1836 1829 1849 2310 
1831 1830 1848 2320 
1837 1828 1847 2330 
1839 1831 1851 2340 
1839 1831 1848 2350 
1836 1830 1844 2360 
1842 1830 1849 2370 
1840 1832 1852 2380 
1833 1830 1842 2390 
1831 1833 1847 2400 
1832 1830 1843 2410 
1834 1833 1844 2420 
1836 1831 1847 2430 
1841 1828 1850 2440 
1842 1826 1849 2450 
1836 1828 1850 2460 
1837 1832 1844 2470 
1831 1833 1847 2480 
1832 1829 1852 2490 
1829 1831 1843 2500 
1829 1830 1846 2510 
1829 1832 1846 2520 
1832 1835 1847 2530 
1835 1832 1851 2540 
1832 1831 1843 2550 
1837 1829 1847 2560 
1838 1832 1844 2570 
1842 1830 1853 2580 
1838 1830 1847 2590 
1840 1833 1850 2600 
1834 1831 1845 2610 
1835 1833 1844 2620 
1834 1830 1843 2630 
1834 1831 1845 2640 
1839 1829 1847 2650 
1836 1830 1850 2660 
1837 1834 1851 2670 
1837 1831 1846 2680 
1838 1827 1848 2690 
1837 1833 1851 2700 
1839 1831 1847 2710 
1838 1831 1848 2720 
1835 1831 1848 2730 
1836 1832 1849 2740 
1836 1827 1845 2750 
1837 1831 1843 2760 
1838 1831 1852 2770 
1832 1831 1847 2780 
1835 1827 1849 2790 
1834 1832 1849 2800 
1835 1827 1849 2810 
1834 1828 1842 2820 
1839 1829 1849 2830 
1839 1831 1852 2840 
1834 1831 1844 2850 
1835 1830 1848 2860 
1835 1831 1846 2870 
1837 1833 1849 2880 
1834 1832 1845 2890 
1832 1827 1846 2900 
1834 1830 1848 2910 
1835 1830 1844 2920 
1838 1833 1854 2930 
1833 1833 1844 2940 
1837 1833 1847 2950 
1839 1830 1849 2960 
1837 1835 1851 2970 
1835 1835 1848 2980 
1838 1828 1847 2990 
1839 1825 1847 3000 
1842 1833 1844 3010 
1838 1832 1851 3020 
1835 1833 1849 3030 
1835 1831 1848 3040 
1835 1834 1848 3050 
1834 1833 1845 3060 
1836 1832 1852 3070 
1837 1833 1850 3080 
1832 1831 1843 3090 
1835 1832 1846 3100 
1838 1829 1849 3110 
1839 1832 1850 3120 
1841 1833 1850 3130 
1836 1833 1849 3140 
1839 1831 1854 3150 
1839 1830 1853 3160 
1835 1830 1849 3170 
1839 1833 1855 3180 
1837 1831 1851 3190 
1839 1829 1849 3200 
1839 1830 1845 3210 
1834 1831 1846 3220 
1840 1831 1853 3230 
1839 1828 1850 3240 
1837 1831 1849 3250 
1839 1835 1851 3260 
1836 1832 1844 3270 
1835 1831 1845 3280 
1840 1833 1852 3290 
1836 1835 1844 3300 
1837 1836 1851 3310 
1832 1833 1844 3320 
1833 1834 1845 3330 
1836 1832 1849 3340 
1836 1832 1850 3350 
1840 1829 1851 3360 
1838 1834 1851 3370 
1838 1826 1847 3380 
1840 1831 1852 3390 
1839 1831 1849 3400 
1839 1832 1854 3410 
1836 1830 1846 3420 
1835 1832 1851 3430 
1835 1828 1846 3440 
1838 1830 1850 3450 
1837 1827 1846 3460 
1834 1830 1846 3470 
1838 1828 1850 3480 
1839 1831 1852 3490 
1843 1830 1852 3500 
1837 1830 1850 3510 
1833 1830 1851 3520 
1836 1831 1849 3530 
1833 1834 1848 3540 
1834 1830 1851 3550 
1840 1834 1852 3560 
1840 1829 1850 3570 
1842 1827 1847 3580 
1841 1836 1852 3590 
1836 1833 1851 3600 
1836 1837 1851 3610 
1834 1834 1849 3620 
1832 1832 1844 3630 
1839 1830 1852 3640 
1838 1831 1852 3650 
1837 1833 1849 3660 
1834 1833 1846 3670 
1835 1832 1846 3680 
1839 1830 1855 3690 
1839 1828 1851 3700 
1834 1832 1847 3710 
1840 1827 1851 3720 
1838 1829 1848 3730 
1834 1832 1845 3740 
1838 1831 1849 3750 
1839 1834 1849 3760 
1838 1837 1851 3770 
1836 1832 1845 3780 
1840 1830 1852 3790 
1836 1833 1848 3800 
1837 1830 1852 3810 
1838 1828 1848 3820 
1840 1833 1853 3830 
1838 1835 1851 3840 
1835 1833 1847 3850 
1838 1836 1842 3860 
1836 1833 1850 3870 
1834 1834 1848 3880 
1835 1834 1850 3890 
1832 1832 1848 3900 
1839 1834 1848 3910 
1841 1832 1857 3920 
1839 1827 1847 3930 
1838 1831 1845 3940 
1837 1833 1849 3950 
1841 1834 1847 3960 
1842 1832 1850 3970 
1837 1832 1846 3980 
1836 1835 1851 3990 
1837 1831 1851 4000 
1837 1828 1854 4010 
1837 1836 1851 4020 
1835 1831 1847 4030 
1830 1831 1843 4040 
1834 1829 1846 4050 
1840 1833 1849 4060 
1838 1832 1850 4070 
1840 1833 1851 4080 
1842 1830 1852 4090 
1842 1831 1851 4100 
1841 1831 1849 4110 
1837 1832 1845 4120 
1836 1826 1846 4130 
1835 1830 1845 4140 
1834 1830 1845 4150 
1838 1831 1853 4160 
1838 1835 1842 4170 
1838 1830 1852 4180 
1839 1830 1851 4190 
1833 1830 1842 4200 
1840 1830 1851 4210 
1835 1831 1845 4220 
1838 1829 1851 4230 
1837 1828 1849 4240 
1837 1834 1846 4250 
1838 1830 1850 4260 
1837 1830 1851 4270 
1836 1835 1850 4280 
1841 1833 1851 4290 
1840 1830 1852 4300 
1841 1833 1851 4310 
1840 1832 1854 4320 
1835 1833 1845 4330 
1838 1835 1852 4340 
1841 1833 1848 4350 
1836 1834 1850 4360 
1837 1831 1850 4370 
1837 1829 1847 4380 
1835 1833 1844 4390 
1837 1829 1853 4400 
1838 1835 1853 4410 
1835 1830 1847 4420 
1836 1833 1852 4430 
1836 1826 1848 4440 
1839 1830 1851 4450 
1837 1832 1849 4460 
1833 1832 1846 4470 
1833 1830 1842 4480 
1836 1833 1847 4490 
1839 1827 1854 4500 
1839 1831 1850 4510 
1839 1830 1851 4520 
1839 1829 1849 4530 
1839 1831 1849 4540 
1838 1833 1848 4550 
1836 1833 1846 4560 
1839 1830 1850 4570 
1835 1829 1846 4580 
1838 1831 1851 4590 
1833 1835 1845 4600 
1836 1830 1848 4610 
1835 1832 1854 4620 
1836 1833 1845 4630 
1839 1829 1850 4640 
1843 1831 1850 4650 
1835 1831 1843 4660 
1835 1831 1847 4670 
1838 1827 1847 4680 
1838 1829 1851 4690 
1837 1834 1852 4700 
1837 1832 1852 4710 
1839 1832 1853 4720 
1836 1830 1847 4730 
1837 1836 1852 4740 
1837 1827 1848 4750 
1837 1833 1847 4760 
1839 1830 1847 4770 
1840 1827 1847 4780 
1839 1828 1848 4790 
1838 1831 1854 4800 
1840 1832 1850 4810 
1841 1828 1847 4820 
1839 1834 1850 4830 
1827 1835 1842 4840 
1831 1835 1853 4850 
1829 1836 1847 4860 
1838 1834 1854 4870 
1841 1834 1854 4880 
1842 1832 1855 4890 
1841 1833 1849 4900 
1840 1833 1849 4910 
1842 1830 1852 4920 
1840 1833 1851 4930 
1840 1831 1852 4940 
1839 1832 1850 4950 
1840 1828 1851 4960 
1838 1831 1849 4970 
1837 1832 1855 4980 
1837 1832 1855 4990 
1838 1832 1853 5000 
1839 1829 1853 5010 
1837 1837 1850 5020 
1832 1834 1845 5030 
1832 1835 1849 5040 
1837 1830 1851 5050 
1839 1830 1851 5060 
1841 1830 1852 5070 
1842 1829 1852 5080 
1839 1832 1848 5090 
1841 1834 1851 5100 
1840 1832 1854 5110 
1839 1833 1853 5120 
1838 1833 1854 5130 
1837 1831 1852 5140 
1839 1831 1853 5150 
1838 1833 1852 5160 
1835 1834 1848 5170 
1840 1833 1852 5180 
1838 1828 1848 5190 
1837 1828 1847 5200 
1836 1836 1848 5210 
1832 1833 1844 5220 
1838 1832 1849 5230 
1835 1833 1848 5240 
1840 1832 1847 5250 
1842 1828 1853 5260 
1843 1834 1848 5270 
1847 1829 1854 5280 
1844 1829 1847 5290 
1834 1832 1851 5300 
1829 1835 1853 5310 
1839 1834 1847 5320 
1837 1835 1848 5330 
1838 1834 1852 5340 
1840 1834 1853 5350 
1834 1829 1847 5360 
1837 1833 1851 5370 
1838 1835 1854 5380 
1836 1833 1848 5390 
1840 1830 1852 5400 
1840 1833 1853 5410 
1841 1830 1856 5420 
1840 1834 1852 5430 
1838 1834 1849 5440 
1841 1833 1851 5450 
1838 1831 1845 5460 
1838 1835 1846 5470 
1837 1833 1853 5480 
1836 1830 1851 5490 
1838 1829 1849 5500 
1839 1834 1854 5510 
1841 1831 1854 5520 
1839 1835 1851 5530 
1838 1831 1842 5540 
1837 1835 1851 5550 
1840 1832 1853 5560 
1840 1835 1852 5570 
1836 1835 1849 5580 
1837 1831 1847 5590 
1839 1835 1853 5600 
1840 1835 1855 5610 
1834 1834 1848 5620 
1838 1835 1850 5630 
1838 1834 1854 5640 
1838 1834 1853 5650 
1833 1834 1848 5660 
1833 1834 1854 5670 
1841 1834 1858 5680 
1841 1831 1844 5690 
1842 1830 1847 5700 
1840 1832 1849 5710 
1841 1835 1846 5720 
1841 1834 1852 5730 
1838 1834 1846 5740 
1839 1831 1852 5750 
1836 1832 1850 5760 
1836 1834 1853 5770 
1838 1831 1855 5780 
1835 1835 1852 5790 
1840 1836 1848 5800 
1838 1834 1851 5810 
1835 1833 1847 5820 
1837 1832 1848 5830 
1838 1832 1849 5840 
1839 1833 1855 5850 
1839 1834 1851 5860 
1840 1836 1855 5870 
1836 1834 1846 5880 
1838 1833 1850 5890 
1841 1836 1850 5900 
1842 1832 1853 5910 
1840 1837 1856 5920 
1839 1836 1853 5930 
1837 1836 1851 5940 
1837 1832 1852 5950 
1839 1834 1855 5960 
1837 1835 1851 5970 
1836 1834 1848 5980 
1842 1830 1853 5990 
1843 1833 1850 6000 
1839 1831 1848 6010 
1838 1834 1851 6020 
1840 1833 1856 6030 
1838 1831 1851 6040 
1842 1832 1851 6050 
1841 1835 1856 6060 
1837 1833 1847 6070 
1837 1832 1843 6080 
1836 1831 1847 6090 
1837 1836 1847 6100 
1839 1830 1853 6110 
1841 1833 1852 6120 
1842 1835 1853 6130 
1838 1831 1854 6140 
1836 1834 1848 6150 
1833 1834 1845 6160 
1837 1834 1852 6170 
1840 1834 1851 6180 
1841 1830 1850 6190 
1841 1834 1851 6200 
1840 1833 1851 6210 
1838 1832 1852 6220 
1837 1833 1850 6230 
1837 1833 1851 6240 
1840 1831 1855 6250 
1838 1834 1852 6260 
1838 1831 1852 6270 
1839 1830 1852 6280 
1836 1831 1853 6290 
1838 1831 1853 6300 
1836 1828 1850 6310 
1840 1835 1855 6320 
1839 1833 1848 6330 
1838 1834 1853 6340 
1841 1833 1850 6350 
1842 1831 1849 6360 
1838 1835 1844 6370 
1843 1834 1856 6380 
1840 1835 1847 6390 
1839 1832 1849 6400 
1839 1837 1852 6410 
1838 1833 1849 6420 
1837 1833 1851 6430 
1838 1831 1855 6440 
1839 1836 1856 6450 
1836 1833 1848 6460 
1836 1834 1848 6470 
1839 1836 1854 6480 
1840 1837 1849 6490 
1840 1831 1846 6500 
1838 1834 1853 6510 
1840 1829 1853 6520 
1833 1833 1846 6530 
1842 1833 1851 6540 
1839 1833 1849 6550 
1839 1832 1856 6560 
1838 1831 1845 6570 
1839 1828 1849 6580 
1839 1835 1851 6590 
1840 1835 1857 6600 
1839 1833 1851 6610 
1836 1836 1849 6620 
1841 1833 1855 6630 
1840 1830 1853 6640 
1840 1837 1854 6650 
1835 1833 1845 6660 
1839 1827 1852 6670 
1839 1834 1854 6680 
1841 1832 1853 6690 
1839 1837 1853 6700 
1839 1831 1853 6710 
1837 1834 1851 6720 
1838 1830 1849 6730 
1842 1836 1848 6740 
1839 1831 1849 6750 
1838 1833 1849 6760 
1842 1834 1856 6770 
1840 1831 1853 6780 
1834 1834 1847 6790 
1838 1833 1851 6800 
1845 1834 1853 6810 
1842 1831 1857 6820 
1837 1834 1854 6830 
1835 1831 1849 6840 
1838 1835 1856 6850 
1838 1833 1850 6860 
1836 1836 1853 6870 
1838 1833 1853 6880 
1837 1831 1852 6890 
1837 1833 1852 6900 
1840 1836 1850 6910 
1839 1834 1851 6920 
1838 1834 1850 6930 
1842 1832 1854 6940 
1841 1828 1850 6950 
1840 1835 1851 6960 
1841 1835 1855 6970 
1840 1831 1850 6980 
1838 1836 1854 6990 
1836 1833 1849 7000 
1838 1836 1848 7010 
1840 1835 1854 7020 
1841 1833 1853 7030 
1838 1837 1853 7040 
1836 1832 1844 7050 
1840 1832 1853 7060 
1837 1833 1851 7070 
1839 1834 1856 7080 
1837 1830 1848 7090 
1837 1833 1851 7100 
1838 1832 1852 7110 
1837 1832 1850 7120 
1840 1830 1852 7130 
1840 1835 1857 7140 
1839 1832 1853 7150 
1842 1834 1850 7160 
1842 1834 1855 7170 
1846 1875 1827 7180 
1945 1930 1775 7190 
1979 1812 1867 7200 
1542 1977 1896 7210 
1610 2004 1818 7220 
2000 1621 1789 7230 
1684 1913 1755 7240 
1852 1834 1869 7250 
1934 1743 1829 7260 
1789 1922 1830 7270 
1959 1750 1901 7280 
1815 1882 1837 7290 
1848 1835 1889 7300 
1871 1809 1863 7310 
1804 1880 1870 7320 
1873 1792 1877 7330 
1831 1863 1853 7340 
1858 1822 1877 7350 
1851 1828 1851 7360 
1832 1849 1862 7370 
1860 1813 1857 7380 
1837 1853 1848 7390 
1851 1822 1860 7400 
1842 1834 1846 7410 
1843 1839 1860 7420 
1853 1825 1852 7430 
1836 1843 1852 7440 
1851 1825 1860 7450 
1835 1838 1850 7460 
1839 1837 1857 7470 
1859 1828 1861 7480 
1887 1818 1899 7490 
1811 1845 1792 7500 
1703 1860 1757 7510 
1879 1788 1968 7520 
1876 1847 1809 7530 
1795 1832 1832 7540 
1886 1811 1910 7550 
1833 1849 1792 7560 
1850 1812 1886 7570 
1863 1837 1844 7580 
1831 1825 1852 7590 
1853 1832 1864 7600 
1798 1849 1812 7610 
1839 1816 1891 7620 
1857 1840 1838 7630 
1826 1833 1855 7640 
1852 1827 1863 7650 
1836 1842 1839 7660 
1845 1828 1867 7670 
1849 1833 1844 7680 
1837 1831 1851 7690 
1837 1836 1848 7700 
1827 1833 1848 7710 
1839 1829 1857 7720 
1834 1838 1841 7730 
1845 1826 1864 7740 
1846 1834 1847 7750 
1836 1830 1850 7760 
1850 1828 1859 7770 
1827 1840 1840 7780 
1834 1829 1863 7790 
1853 1826 1852 7800 
1840 1833 1843 7810 
1846 1833 1851 7820 
1827 1841 1847 7830 
1822 1834 1845 7840 
1833 1832 1851 7850 
1841 1827 1860 7860 
1840 1831 1848 7870 
1848 1828 1863 7880 
1852 1832 1850 7890 
1836 1832 1843 7900 
1840 1831 1862 7910 
1843 1836 1853 7920 
1837 1833 1854 7930 
1839 1832 1857 7940 
1839 1833 1854 7950 
1837 1831 1845 7960 
1838 1833 1846 7970 
1837 1835 1854 7980 
1843 1833 1852 7990 
1837 1833 1845 8000 
1840 1833 1853 8010 
1841 1834 1853 8020 
1838 1836 1853 8030 
1835 1834 1849 8040 
1838 1833 1860 8050 
1843 1833 1858 8060 
1842 1832 1854 8070 
1835 1834 1846 8080 
1843 1834 1852 8090 
1842 1832 1851 8100 
1845 1830 1855 8110 
1833 1831 1843 8120 
1828 1834 1850 8130 
1848 1834 1858 8140 
1845 1830 1849 8150 
1835 1831 1851 8160 
1852 1830 1853 8170 
1862 1827 1863 8180 
1833 1836 1841 8190 
1804 1831 1835 8200 
1833 1828 1866 8210 
1856 1831 1863 8220 
1836 1829 1841 8230 
1834 1835 1848 8240 
1836 1830 1855 8250 
1847 1830 1853 8260 
1836 1835 1844 8270 
1837 1828 1856 8280 
1848 1832 1853 8290 
1841 1834 1853 8300 
1845 1829 1854 8310 
1842 1834 1851 8320 
1839 1835 1856 8330 
1841 1831 1852 8340 
1838 1834 1853 8350 
1839 1836 1856 8360 
1838 1834 1851 8370 
1842 1836 1846 8380 
1839 1835 1853 8390 
1840 1830 1855 8400 
1840 1833 1854 8410 
1838 1834 1849 8420 
1838 1834 1852 8430 
1836 1835 1849 8440 
1837 1833 1847 8450 
1841 1833 1853 8460 
1839 1834 1853 8470 
1841 1836 1849 8480 
1839 1834 1854 8490 
1838 1834 1852 8500 
1839 1831 1853 8510 
1834 1833 1847 8520 
1840 1831 1853 8530 
1841 1831 1854 8540 
1838 1827 1850 8550 
1839 1827 1852 8560 
1838 1832 1850 8570 
1840 1831 1854 8580 
1836 1835 1851 8590 
1839 1831 1854 8600 
1836 1833 1848 8610 
1837 1828 1850 8620 
1836 1835 1847 8630 
1840 1835 1855 8640 
1838 1831 1851 8650 
1839 1834 1853 8660 
1838 1835 1849 8670 
1843 1833 1852 8680 
1842 1834 1852 8690 
1839 1832 1850 8700 
1838 1832 1845 8710 
1837 1834 1850 8720 
1840 1837 1845 8730 
1838 1829 1850 8740 
1836 1832 1849 8750 
1839 1836 1854 8760 
1838 1829 1848 8770 
1841 1834 1848 8780 
1846 1831 1853 8790 
1833 1835 1846 8800 
1825 1833 1852 8810 
1843 1825 1856 8820 
1846 1833 1852 8830 
1842 1837 1845 8840 
1820 1840 1838 8850 
1830 1834 1852 8860 
1843 1835 1852 8870 
1837 1832 1854 8880 
1847 1832 1859 8890 
1845 1834 1854 8900 
1845 1831 1858 8910 
1845 1831 1843 8920 
1828 1836 1846 8930 
1837 1834 1857 8940 
1835 1833 1848 8950 
1839 1829 1857 8960 
1844 1833 1855 8970 
1837 1834 1852 8980 
1843 1829 1855 8990 
1839 1830 1848 9000 
1839 1832 1856 9010 
1840 1832 1847 9020 
1836 1832 1852 9030 
1839 1834 1860 9040 
1842 1830 1853 9050 
1836 1834 1852 9060 
1842 1835 1858 9070 
1840 1828 1850 9080 
1838 1832 1850 9090 
1841 1830 1852 9100 
1839 1837 1845 9110 
1841 1833 1853 9120 
1841 1834 1852 9130 
1838 1833 1851 9140 
1840 1834 1853 9150 
1839 1835 1851 9160 
1840 1831 1851 9170 
1838 1836 1855 9180 
1838 1833 1854 9190 
1838 1834 1852 9200 
1840 1837 1848 9210 
1841 1834 1857 9220 
1841 1830 1851 9230 
1842 1832 1854 9240 
1838 1834 1849 9250 
1837 1833 1848 9260 
1836 1834 1856 9270 
1838 1836 1855 9280 
1842 1836 1857 9290 
1840 1830 1854 9300 
1840 1833 1851 9310 
1836 1834 1848 9320 
1841 1834 1858 9330 
1842 1833 1851 9340 
1839 1834 1854 9350 
1844 1829 1855 9360 
1843 1835 1852 9370 
1834 1835 1844 9380 
1831 1832 1851 9390 
1841 1836 1857 9400 
1838 1830 1848 9410 
1838 1833 1854 9420 
1841 1834 1851 9430 
1842 1832 1855 9440 
1842 1835 1853 9450 
1838 1833 1851 9460 
1838 1833 1856 9470 
1846 1833 1858 9480 
1844 1836 1845 9490 
1824 1837 1849 9500 
1835 1832 1862 9510 
1849 1830 1853 9520 
1836 1828 1849 9530 
1844 1835 1854 9540 
1840 1834 1846 9550 
1838 1832 1855 9560 
1841 1833 1846 9570 
1837 1834 1853 9580 
1841 1833 1853 9590 
1839 1831 1847 9600 
1834 1833 1850 9610 
1840 1828 1850 9620 
1838 1834 1853 9630 
1837 1833 1848 9640 
1839 1834 1853 9650 
1838 1835 1852 9660 
1836 1832 1844 9670 
1839 1830 1846 9680 
1839 1831 1855 9690 
1841 1836 1857 9700 
1839 1832 1849 9710 
1839 1834 1852 9720 
1842 1836 1858 9730 
1843 1832 1855 9740 
1838 1832 1846 9750 
1840 1832 1852 9760 
1838 1830 1850 9770 
1837 1833 1853 9780 
1840 1835 1848 9790 
1836 1834 1848 9800 
1835 1834 1855 9810 
1842 1831 1851 9820 
1836 1835 1851 9830 
1840 1832 1859 9840 
1846 1833 1854 9850 
1839 1830 1848 9860 
1835 1833 1846 9870 
1838 1835 1849 9880 
1837 1835 1855 9890 
1836 1834 1852 9900 
1839 1831 1855 9910 
1841 1831 1856 9920 
1838 1836 1854 9930 
1843 1833 1862 9940 
1848 1831 1854 9950 
1836 1840 1847 9960 
1828 1831 1858 9970 
1845 1829 1855 9980 
1839 1835 1846 9990 
1837 1833 1853 10000 
1843 1835 1849 10010 
1838 1834 1853 10020 
1841 1832 1853 10030 
1849 1833 1856 10040 
1836 1839 1841 10050 
1825 1835 1851 10060 
1842 1832 1861 10070 
1845 1834 1851 10080 
1837 1830 1855 10090 
1846 1834 1853 10100 
1840 1834 1852 10110 
1839 1830 1852 10120 
1837 1836 1849 10130 
1835 1834 1853 10140 
1839 1831 1854 10150 
1835 1835 1851 10160 
1841 1830 1854 10170 
1838 1827 1849 10180 
1838 1830 1857 10190 
1841 1829 1857 10200 
1838 1833 1848 10210 
1840 1830 1853 10220 
1840 1831 1853 10230 
1841 1831 1856 10240 
1841 1836 1849 10250 
1838 1834 1848 10260 
1839 1834 1854 10270 
1836 1836 1852 10280 
1834 1834 1850 10290 
1839 1836 1850 10300 
1842 1833 1853 10310 
1842 1835 1852 10320 
1841 1829 1849 10330 
1838 1831 1854 10340 
1847 1834 1850 10350 
1845 1835 1853 10360 
1837 1838 1852 10370 
1838 1829 1849 10380 
1838 1836 1851 10390 
1836 1835 1853 10400 
1839 1832 1855 10410 
1835 1835 1851 10420 
1839 1830 1855 10430 
1838 1830 1850 10440 
1838 1834 1854 10450 
1840 1834 1853 10460 
1841 1831 1855 10470 
1840 1833 1857 10480 
1836 1834 1850 10490 
1838 1835 1853 10500 
1838 1834 1853 10510 
1839 1836 1853 10520 
1836 1834 1849 10530 
1838 1831 1851 10540 
1836 1832 1849 10550 
1843 1834 1850 10560 
1842 1833 1857 10570 
1837 1833 1852 10580 
1841 1833 1854 10590 
1843 1833 1855 10600 
1840 1835 1845 10610 
1842 1836 1857 10620 
1841 1831 1852 10630 
1840 1830 1852 10640 
1836 1833 1849 10650 
1838 1832 1852 10660 
1839 1832 1856 10670 
1837 1829 1848 10680 
1838 1831 1852 10690 
1837 1829 1849 10700 
1838 1832 1854 10710 
1834 1834 1849 10720 
1840 1833 1855 10730 
1837 1833 1851 10740 
1838 1836 1853 10750 
1842 1835 1853 10760 
1840 1837 1856 10770 
1843 1834 1857 10780 
1839 1835 1854 10790 
1841 1835 1856 10800 
1840 1833 1853 10810 
1841 1837 1853 10820 
1841 1832 1851 10830 
1838 1831 1848 10840 
1837 1830 1850 10850 
1837 1835 1847 10860 
1837 1830 1854 10870 
1835 1832 1851 10880 
1833 1832 1845 10890 
1841 1832 1855 10900 
1840 1832 1854 10910 
1837 1835 1849 10920 
1841 1832 1854 10930 
1837 1834 1848 10940 
1842 1834 1856 10950 
1841 1830 1852 10960 
1841 1836 1853 10970 
1843 1832 1855 10980 
1839 1833 1849 10990 
1840 1834 1853 11000 
1839 1834 1854 11010 
1836 1836 1848 11020 
1837 1837 1856 11030 
1839 1836 1855 11040 
1839 1832 1854 11050 
1839 1836 1850 11060 
1839 1835 1851 11070 
1840 1833 1854 11080 
1839 1836 1852 11090 
1838 1835 1854 11100 
1842 1837 1850 11110 
1837 1837 1854 11120 
1839 1835 1853 11130 
1839 1834 1853 11140 
1835 1836 1844 11150 
1835 1837 1847 11160 
1839 1837 1855 11170 
1842 1835 1856 11180 
1841 1836 1853 11190 
1836 1835 1848 11200 
1838 1837 1848 11210 
1840 1833 1853 11220 
1841 1835 1853 11230 
1835 1835 1845 11240 
1839 1836 1855 11250 
1841 1834 1856 11260 
1840 1833 1852 11270 
1840 1836 1855 11280 
1838 1837 1852 11290 
1839 1836 1853 11300 
1841 1834 1855 11310 
1840 1837 1853 11320 
1840 1833 1855 11330 
1840 1831 1852 11340 
1840 1832 1854 11350 
1840 1833 1856 11360 
1839 1835 1849 11370 
1838 1832 1848 11380 
1840 1835 1853 11390 
1835 1833 1845 11400 
1841 1834 1854 11410 
1841 1837 1855 11420 
1839 1833 1854 11430 
1839 1831 1850 11440 
1838 1832 1851 11450 
1839 1829 1856 11460 
1838 1835 1853 11470 
1838 1836 1849 11480 
1840 1838 1855 11490 
1836 1835 1848 11500 
1839 1833 1854 11510 
1840 1831 1854 11520 
1840 1835 1852 11530 
1840 1836 1854 11540 
1841 1831 1855 11550 
1839 1831 1850 11560 
1840 1837 1852 11570 
1843 1832 1854 11580 
1841 1833 1847 11590 
1841 1832 1854 11600 
1841 1835 1854 11610 
1839 1834 1851 11620 
1838 1832 1854 11630 
1838 1833 1848 11640 
1835 1835 1849 11650 
1838 1831 1850 11660 
1838 1835 1855 11670 
1836 1836 1851 11680 
1841 1837 1856 11690 
1841 1835 1855 11700 
1842 1832 1855 11710 
1841 1834 1855 11720 
1840 1831 1852 11730 
1839 1837 1853 11740 
1841 1834 1855 11750 
1838 1831 1849 11760 
1841 1832 1854 11770 
1839 1835 1853 11780 
1841 1833 1855 11790 
1838 1830 1850 11800 
1841 1834 1856 11810 
1840 1832 1854 11820 
1838 1835 1853 11830 
1835 1833 1850 11840 
1838 1830 1854 11850 
1841 1835 1857 11860 
1841 1836 1857 11870 
1840 1836 1848 11880 
1841 1833 1854 11890 
1839 1830 1849 11900 
1841 1833 1852 11910 
1839 1837 1852 11920 
1839 1830 1853 11930 
1835 1835 1845 11940 
1840 1832 1853 11950 
1840 1831 1851 11960 
1837 1835 1849 11970 
1838 1832 1850 11980 
1840 1831 1852 11990 
1841 1831 1854 12000 
1840 1834 1855 12010 
1843 1834 1855 12020 
1840 1834 1855 12030 
1842 1832 1854 12040 
1839 1832 1850 12050 
1839 1829 1851 12060 
1839 1836 1854 12070 
1836 1835 1850 12080 
1840 1833 1853 12090 
1839 1833 1855 12100 
1835 1833 1851 12110 
1839 1832 1856 12120 
1840 1830 1855 12130 
1842 1833 1851 12140 
1841 1835 1857 12150 
1839 1835 1854 12160 
1840 1831 1847 12170 
1837 1832 1849 12180 
1841 1834 1853 12190 
1838 1836 1851 12200 
1839 1834 1854 12210 
1839 1832 1853 12220 
1839 1831 1851 12230 
1840 1829 1856 12240 
1837 1835 1849 12250 
1839 1836 1854 12260 
1839 1836 1857 12270 
1838 1836 1853 12280 
1837 1835 1850 12290 
1841 1835 1855 12300 
1837 1835 1849 12310 
1840 1835 1853 12320 
1835 1833 1847 12330 
1841 1836 1851 12340 
1842 1831 1855 12350 
1838 1835 1852 12360 
1837 1834 1851 12370 
1841 1833 1854 12380 
1841 1833 1855 12390 
1839 1837 1848 12400 
1840 1837 1853 12410 
1836 1832 1850 12420 
1836 1832 1849 12430 
1840 1836 1852 12440 
1840 1833 1856 12450 
1832 1834 1847 12460 
1836 1833 1851 12470 
1839 1836 1853 12480 
1843 1834 1853 12490 
1843 1835 1857 12500 
1840 1836 1851 12510 
1843 1830 1846 12520 
1843 1832 1855 12530 
1842 1832 1856 12540 
1843 1835 1858 12550 
1839 1836 1856 12560 
1839 1834 1851 12570 
1839 1835 1851 12580 
1838 1836 1855 12590 
1836 1832 1847 12600 
1840 1831 1853 12610 
1839 1836 1854 12620 
1838 1833 1853 12630 
1837 1835 1849 12640 
1841 1832 1854 12650 
1841 1831 1852 12660 
1840 1837 1853 12670 
1838 1833 1851 12680 
1836 1837 1849 12690 
1836 1833 1849 12700 
1841 1835 1857 12710 
1837 1834 1851 12720 
1841 1831 1855 12730 
1842 1833 1856 12740 
1837 1835 1851 12750 
1841 1831 1851 12760 
1839 1836 1853 12770 
1840 1829 1857 12780 
1839 1835 1851 12790 
1838 1835 1852 12800 
1840 1833 1851 12810 
1842 1834 1855 12820 
1844 1833 1854 12830 
1842 1832 1854 12840 
1837 1831 1850 12850 
1835 1832 1853 12860 
1835 1834 1850 12870 
1841 1838 1844 12880 
1841 1839 1853 12890 
1841 1830 1851 12900 
1841 1831 1853 12910 
1837 1833 1850 12920 
1838 1832 1853 12930 
1838 1835 1851 12940 
1838 1834 1852 12950 
1834 1834 1849 12960 
1838 1835 1853 12970 
1839 1834 1850 12980 
1842 1832 1855 12990 
1839 1832 1852 13000 
1835 1834 1847 13010 
1841 1834 1857 13020 
1841 1833 1855 13030 
1840 1837 1855 13040 
1838 1831 1849 13050 
1839 1830 1851 13060 
1842 1834 1856 13070 
1842 1834 1855 13080 
1841 1837 1854 13090 
1840 1833 1853 13100 
1840 1837 1855 13110 
1836 1834 1849 13120 
1840 1832 1853 13130 
1839 1833 1855 13140 
1836 1836 1850 13150 
1840 1834 1856 13160 
1840 1832 1851 13170 
1842 1832 1856 13180 
1837 1834 1848 13190 
1839 1832 1855 13200 
1840 1833 1847 13210 
1841 1833 1855 13220 
1836 1829 1852 13230 
1839 1828 1853 13240 
1840 1835 1845 13250 
1837 1834 1843 13260 
1842 1832 1855 13270 
1837 1834 1851 13280 
1840 1831 1854 13290 
1839 1831 1855 13300 
1842 1833 1854 13310 
1841 1835 1855 13320 
1839 1834 1849 13330 
1842 1835 1855 13340 
1842 1835 1855 13350 
1840 1835 1853 13360 
1838 1834 1854 13370 
1837 1831 1849 13380 
1840 1835 1858 13390 
1841 1833 1853 13400 
1838 1835 1854 13410 
1839 1833 1857 13420 
1838 1834 1853 13430 
1838 1829 1850 13440 
1842 1834 1854 13450 
1835 1835 1848 13460 
1839 1834 1853 13470 
1838 1835 1849 13480 
1840 1833 1854 13490 
1840 1836 1849 13500 
1840 1832 1849 13510 
1838 1830 1851 13520 
1839 1832 1850 13530 
1837 1837 1849 13540 
1839 1836 1853 13550 
1840 1837 1857 13560 
1835 1834 1846 13570 
1840 1836 1853 13580 
1842 1834 1855 13590 
1837 1835 1850 13600 
1836 1835 1852 13610 
1842 1832 1855 13620 
1838 1829 1850 13630 
1839 1837 1853 13640 
1841 1835 1853 13650 
1841 1838 1856 13660 
1835 1835 1849 13670 
1840 1832 1856 13680 
1838 1832 1851 13690 
1842 1835 1854 13700 
1839 1834 1855 13710 
1838 1834 1852 13720 
1841 1834 1856 13730 
1839 1829 1852 13740 
1834 1835 1850 13750 
1839 1831 1848 13760 
1838 1835 1851 13770 
1841 1829 1851 13780 
1839 1835 1851 13790 
1839 1831 1855 13800 
1839 1837 1854 13810 
1840 1835 1855 13820 
1839 1831 1853 13830 
1839 1828 1852 13840 
1841 1833 1854 13850 
1838 1832 1851 13860 
1838 1828 1851 13870 
1835 1834 1849 13880 
1837 1832 1849 13890 
1841 1837 1849 13900 
1843 1834 1857 13910 
1840 1835 1853 13920 
1842 1832 1854 13930 
1840 1835 1854 13940 
1842 1832 1853 13950 
1839 1837 1853 13960 
1838 1835 1852 13970 
1837 1832 1850 13980 
1838 1832 1851 13990 
1841 1832 1857 14000 
1841 1834 1854 14010 
1840 1832 1855 14020 
1841 1831 1854 14030 
1842 1832 1855 14040 
1840 1832 1853 14050 
1840 1837 1854 14060 
1842 1834 1853 14070 
1840 1834 1857 14080 
1838 1832 1848 14090 
1840 1831 1852 14100 
1840 1837 1849 14110 
1837 1836 1849 14120 
1840 1837 1853 14130 
1838 1835 1853 14140 
1841 1833 1855 14150 
1836 1834 1853 14160 
1840 1835 1854 14170 
1839 1836 1856 14180 
1841 1835 1857 14190 
1839 1832 1852 14200 
1838 1835 1852 14210 
1839 1837 1853 14220 
1841 1834 1856 14230 
1840 1835 1855 14240 
1840 1833 1854 14250 
1838 1837 1848 14260 
1837 1834 1845 14270 
1840 1832 1853 14280 
1838 1831 1849 14290 
1837 1835 1849 14300 
1842 1834 1854 14310 
1842 1835 1858 14320 
1842 1832 1855 14330 
1841 1831 1853 14340 
1838 1837 1853 14350 
1838 1835 1849 14360 
1839 1832 1852 14370 
1836 1835 1849 14380 
1837 1834 1849 14390 
1842 1835 1858 14400 
1842 1837 1847 14410 
1843 1834 1853 14420 
1838 1835 1848 14430 
1841 1832 1854 14440 
1838 1830 1849 14450 
1836 1836 1850 14460 
1840 1833 1854 14470 
1838 1836 1855 14480 
1837 1835 1849 14490 
1839 1833 1854 14500 
1836 1835 1850 14510 
1835 1834 1847 14520 
1839 1833 1850 14530 
1842 1835 1857 14540 
1839 1835 1850 14550 
1843 1833 1851 14560 
1841 1835 1855 14570 
1843 1835 1856 14580 
1840 1831 1853 14590 
1836 1834 1848 14600 
1840 1832 1857 14610 
1839 1834 1854 14620 
1840 1834 1853 14630 
1838 1834 1852 14640 
1837 1836 1852 14650 
1839 1834 1856 14660 
1841 1833 1856 14670 
1839 1837 1855 14680 
1840 1837 1854 14690 
1840 1833 1855 14700 
1841 1836 1851 14710 
1839 1835 1855 14720 
1838 1833 1850 14730 
1839 1833 1854 14740 
1843 1834 1857 14750 
1838 1836 1849 14760 
1839 1836 1853 14770 
1839 1834 1850 14780 
1838 1833 1851 14790 
1838 1834 1852 14800 
1840 1837 1845 14810 
1838 1830 1851 14820 
1837 1833 1852 14830 
1838 1831 1850 14840 
1839 1830 1850 14850 
1842 1832 1854 14860 
1839 1829 1852 14870 
1840 1830 1854 14880 
1838 1833 1855 14890 
1837 1829 1850 14900 
1840 1833 1854 14910 
1841 1835 1856 14920 
1840 1832 1855 14930 
1836 1834 1849 14940 
1840 1833 1855 14950 
1841 1831 1853 14960 
1840 1834 1851 14970 
1840 1829 1852 14980 
1838 1830 1853 14990 
1840 1830 1852 15000 
1838 1833 1854 15010 
1839 1836 1853 15020 
1841 1835 1857 15030 
1840 1832 1852 15040 
1842 1831 1855 15050 
1838 1838 1850 15060 
1835 1836 1849 15070 
1840 1836 1856 15080 
1840 1831 1855 15090 
1837 1834 1848 15100 
1840 1832 1856 15110 
1840 1835 1850 15120 
1835 1835 1845 15130 
1837 1835 1851 15140 
1838 1828 1849 15150 
1838 1830 1849 15160 
1838 1835 1852 15170 
1839 1835 1851 15180 
1840 1836 1855 15190 
1841 1835 1856 15200 
1840 1835 1854 15210 
1843 1836 1850 15220 
1841 1833 1855 15230 
1841 1834 1856 15240 
1841 1835 1857 15250 
1838 1835 1853 15260 
1840 1833 1853 15270 
1838 1835 1853 15280 
1837 1834 1849 15290 
1842 1834 1857 15300 
1836 1833 1849 15310 
1836 1833 1853 15320 
1840 1833 1854 15330 
1837 1829 1850 15340 
1839 1834 1853 15350 
1840 1832 1855 15360 
1839 1834 1852 15370 
1840 1832 1857 15380 
1840 1833 1855 15390 
1840 1837 1855 15400 
1840 1834 1857 15410 
1837 1835 1852 15420 
1836 1835 1850 15430 
1839 1830 1850 15440 
1838 1833 1848 15450 
1835 1833 1847 15460 
1840 1829 1855 15470 
1839 1836 1853 15480 
1838 1835 1853 15490 
1841 1831 1854 15500 
1838 1833 1849 15510 
1835 1836 1851 15520 
1841 1832 1854 15530 
1839 1832 1855 15540 
1839 1836 1854 15550 
1840 1831 1852 15560 
1843 1834 1853 15570 
1841 1834 1854 15580 
1838 1833 1853 15590 
1839 1835 1854 15600 
1840 1831 1855 15610 
1841 1832 1856 15620 
1839 1833 1851 15630 
1840 1830 1851 15640 
1837 1834 1850 15650 
1840 1830 1848 15660 
1840 1828 1856 15670 
1837 1833 1847 15680 
1838 1829 1849 15690 
1838 1834 1854 15700 
1840 1831 1854 15710 
1838 1835 1849 15720 
1838 1837 1853 15730 
1840 1830 1853 15740 
1840 1833 1856 15750 
1837 1834 1848 15760 
1841 1833 1855 15770 
1839 1835 1852 15780 
1838 1829 1849 15790 
1839 1831 1847 15800 
1837 1832 1850 15810 
1840 1832 1854 15820 
1839 1836 1852 15830 
1838 1830 1849 15840 
1840 1831 1846 15850 
1838 1829 1849 15860 
1843 1833 1853 15870 
1838 1832 1846 15880 
1842 1833 1855 15890 
1841 1830 1855 15900 
1839 1830 1850 15910 
1841 1832 1854 15920 
1840 1833 1855 15930 
1836 1834 1849 15940 
1838 1835 1853 15950 
1840 1833 1856 15960 
1838 1831 1853 15970 
1835 1834 1849 15980 
1840 1834 1854 15990 
1840 1835 1854 16000 
1838 1834 1852 16010 
1841 1830 1855 16020 
1842 1834 1857 16030 
1840 1830 1854 16040 
1834 1833 1847 16050 
1842 1834 1856 16060 
1835 1833 1851 16070 
1841 1834 1857 16080 
1840 1833 1855 16090 
1839 1835 1854 16100 
1840 1835 1854 16110 
1838 1833 1852 16120 
1839 1834 1853 16130 
1840 1833 1854 16140 
1840 1830 1853 16150 
1841 1831 1855 16160 
1838 1831 1847 16170 
1839 1831 1850 16180 
1838 1834 1852 16190 
1835 1834 1852 16200 
1839 1834 1852 16210 
1840 1833 1857 16220 
1838 1833 1849 16230 
1839 1833 1852 16240 
1840 1828 1856 16250 
1842 1833 1854 16260 
1838 1834 1852 16270 
1841 1830 1853 16280 
1841 1831 1854 16290 
1840 1836 1845 16300 
1841 1832 1855 16310 
1836 1834 1849 16320 
1841 1831 1854 16330 
1839 1830 1847 16340 
1843 1832 1852 16350 
1838 1832 1849 16360 
1839 1834 1854 16370 
1839 1828 1851 16380 
1838 1835 1853 16390 
1839 1831 1852 16400 
1836 1834 1848 16410 
1841 1831 1854 16420 
1837 1835 1853 16430 
1840 1835 1855 16440 
1839 1832 1853 16450 
1839 1835 1852 16460 
1838 1835 1855 16470 
1840 1835 1855 16480 
1837 1836 1852 16490 
1840 1834 1851 16500 
1839 1836 1856 16510 
1837 1836 1852 16520 
1840 1836 1855 16530 
1842 1833 1854 16540 
1840 1831 1854 16550 
1839 1836 1854 16560 
1839 1833 1856 16570 
1838 1831 1851 16580 
1839 1835 1854 16590 
1840 1836 1849 16600 
1838 1835 1854 16610 
1838 1834 1852 16620 
1838 1827 1849 16630 
1838 1834 1854 16640 
1841 1833 1853 16650 
1840 1834 1857 16660 
1835 1834 1849 16670 
1840 1834 1855 16680 
1841 1835 1853 16690 
1840 1832 1857 16700 
1838 1833 1851 16710 
1840 1831 1850 16720 
1842 1830 1852 16730 
1841 1833 1853 16740 
1836 1833 1845 16750 
1840 1831 1852 16760 
1842 1836 1857 16770 
1839 1836 1855 16780 
1840 1835 1853 16790 
1839 1837 1853 16800 
1839 1833 1850 16810 
1839 1835 1853 16820 
1837 1832 1851 16830 
1837 1828 1855 16840 
1834 1834 1850 16850 
1838 1834 1856 16860 
1834 1833 1846 16870 
1838 1830 1850 16880 
1842 1830 1855 16890 
1839 1834 1850 16900 
1842 1835 1854 16910 
1840 1831 1850 16920 
1842 1835 1855 16930 
1842 1836 1846 16940 
1840 1836 1853 16950 
1837 1836 1852 16960 
1841 1834 1856 16970 
1840 1834 1854 16980 
1841 1829 1856 16990 
1835 1835 1850 17000 
1839 1832 1853 17010 
1840 1832 1854 17020 
1837 1833 1847 17030 
1838 1834 1852 17040 
1838 1828 1850 17050 
1838 1833 1852 17060 
1836 1834 1848 17070 
1840 1833 1853 17080 
1839 1833 1857 17090 
1841 1833 1854 17100 
1840 1836 1853 17110 
1841 1832 1853 17120 
1838 1833 1849 17130 
1840 1832 1855 17140 
1841 1831 1855 17150 
1837 1834 1850 17160 
1842 1834 1855 17170 
1840 1837 1850 17180 
1839 1835 1857 17190 
1838 1829 1850 17200 
1841 1833 1855 17210 
1836 1835 1850 17220 
1841 1834 1855 17230 
1834 1835 1845 17240 
1842 1835 1854 17250 
1841 1834 1852 17260 
1838 1834 1853 17270 
1841 1835 1858 17280 
1841 1836 1857 17290 
1841 1833 1857 17300 
1840 1838 1856 17310 
1834 1834 1845 17320 
1839 1832 1850 17330 
1836 1835 1850 17340 
1841 1832 1854 17350 
1841 1836 1854 17360 
1840 1834 1853 17370 
1838 1831 1850 17380 
1838 1833 1850 17390 
1839 1835 1853 17400 
1839 1835 1846 17410 
1837 1832 1850 17420 
1839 1829 1851 17430 
1835 1833 1846 17440 
1842 1833 1854 17450 
1838 1836 1849 17460 
1838 1830 1849 17470 
1835 1833 1845 17480 
1839 1832 1851 17490 
1840 1829 1856 17500 
1838 1832 1849 17510 
1837 1835 1853 17520 
1840 1834 1857 17530 
1836 1830 1849 17540 
1841 1835 1852 17550 
1843 1834 1858 17560 
1837 1832 1850 17570 
1839 1830 1853 17580 
1840 1831 1853 17590 
1841 1831 1857 17600 
1841 1829 1855 17610 
1837 1834 1850 17620 
1835 1833 1846 17630 
1841 1834 1855 17640 
1840 1836 1845 17650 
1841 1834 1855 17660 
1839 1834 1854 17670 
1840 1832 1854 17680 
1838 1831 1853 17690 
1837 1833 1850 17700 
1841 1835 1857 17710 
1837 1834 1851 17720 
1840 1834 1855 17730 
1840 1831 1853 17740 
1841 1834 1854 17750 
1838 1834 1855 17760 
1841 1833 1855 17770 
1840 1835 1855 17780 
1839 1835 1853 17790 
1840 1835 1852 17800 
1841 1832 1857 17810 
1841 1835 1857 17820 
1839 1835 1853 17830 
1842 1832 1856 17840 
1841 1834 1854 17850 
1841 1833 1856 17860 
1837 1832 1849 17870 
1839 1832 1852 17880 
1838 1835 1852 17890 
1837 1836 1849 17900 
1842 1835 1858 17910 
1839 1834 1853 17920 
1838 1831 1850 17930 
1842 1834 1857 17940 
1840 1832 1854 17950 
1842 1833 1855 17960 
1838 1834 1851 17970 
1839 1833 1852 17980 
1840 1831 1853 17990 
1841 1832 1855 18000 
1840 1835 1855 18010 
1840 1831 1853 18020 
1839 1834 1857 18030 
1837 1831 1849 18040 
1837 1836 1850 18050 
1840 1830 1852 18060 
1839 1831 1849 18070 
1838 1834 1853 18080 
1838 1834 1852 18090 
1842 1834 1854 18100 
1841 1835 1857 18110 
1841 1830 1852 18120 
1835 1833 1849 18130 
1834 1834 1846 18140 
1841 1836 1845 18150 
1835 1834 1846 18160 
1835 1833 1848 18170 
1841 1834 1857 18180 
1835 1833 1846 18190 
1840 1836 1848 18200 
1838 1834 1849 18210 
1841 1834 1853 18220 
1838 1833 1852 18230 
1840 1835 1854 18240 
1837 1834 1854 18250 
1838 1837 1850 18260 
1840 1836 1854 18270 
1840 1836 1854 18280 
1838 1831 1849 18290 
1838 1830 1851 18300 
1840 1836 1848 18310 
1839 1835 1850 18320 
1841 1836 1855 18330 
1843 1833 1855 18340 
1840 1835 1855 18350 
1841 1832 1857 18360 
1841 1832 1857 18370 
1841 1835 1854 18380 
1834 1835 1848 18390 
1842 1833 1856 18400 
1841 1832 1857 18410 
1839 1835 1851 18420 
1839 1832 1850 18430 
1841 1832 1856 18440 
1840 1832 1850 18450 
1839 1831 1855 18460 
1840 1834 1852 18470 
1837 1835 1852 18480 
1840 1835 1857 18490 
1838 1834 1852 18500 
1839 1829 1856 18510 
1836 1834 1847 18520 
1839 1834 1853 18530 
1838 1834 1852 18540 
1835 1833 1847 18550 
1841 1836 1845 18560 
1842 1832 1856 18570 
1841 1832 1853 18580 
1838 1834 1851 18590 
1840 1828 1851 18600 
1841 1832 1854 18610 
1840 1834 1854 18620 
1839 1835 1853 18630 
1841 1837 1855 18640 
1840 1835 1855 18650 
1839 1832 1856 18660 
1842 1835 1853 18670 
1836 1836 1848 18680 
1838 1835 1851 18690 
1835 1833 1851 18700 
1835 1833 1853 18710 
1834 1831 1851 18720 
1838 1832 1853 18730 
1842 1836 1853 18740 
1839 1832 1848 18750 
1846 1833 1854 18760 
1844 1830 1849 18770 
1842 1833 1848 18780 
1843 1828 1852 18790 
1840 1830 1850 18800 
1842 1834 1850 18810 
1839 1831 1853 18820 
1839 1831 1855 18830 
1835 1831 1849 18840 
1835 1832 1850 18850 
1839 1836 1845 18860 
1841 1835 1855 18870 
1840 1831 1854 18880 
1836 1834 1849 18890 
1839 1834 1853 18900 
1842 1834 1854 18910 
1843 1836 1859 18920 
1839 1831 1850 18930 
1840 1829 1851 18940 
1842 1833 1855 18950 
1840 1837 1849 18960 
1836 1835 1850 18970 
1837 1834 1850 18980 
1837 1833 1850 18990 
1838 1833 1850 19000 
1841 1834 1853 19010 
1837 1837 1850 19020 
1840 1831 1853 19030 
1840 1835 1856 19040 
1840 1831 1854 19050 
1841 1836 1848 19060 
1842 1831 1855 19070 
1839 1834 1852 19080 
1840 1833 1849 19090 
1840 1832 1857 19100 
1839 1834 1849 19110 
1838 1833 1852 19120 
1836 1832 1848 19130 
1838 1832 1852 19140 
1834 1833 1849 19150 
1835 1832 1856 19160 
1840 1833 1855 19170 
1843 1833 1857 19180 
1845 1835 1857 19190 
1843 1835 1852 19200 
1840 1837 1847 19210 
1839 1834 1854 19220 
1839 1834 1855 19230 
1838 1831 1853 19240 
1840 1835 1858 19250 
1838 1831 1855 19260 
1841 1830 1853 19270 
1842 1833 1855 19280 
1840 1831 1850 19290 
1839 1836 1850 19300 
1840 1836 1852 19310 
1838 1837 1849 19320 
1838 1837 1851 19330 
1837 1834 1849 19340 
1834 1834 1845 19350 
1840 1835 1853 19360 
1841 1835 1856 19370 
1841 1834 1856 19380 
1839 1827 1853 19390 
1841 1834 1858 19400 
1840 1830 1855 19410 
1838 1835 1853 19420 
1841 1833 1855 19430 
1840 1833 1853 19440 
1840 1830 1853 19450 
1841 1832 1853 19460 
1840 1832 1852 19470 
1840 1834 1851 19480 
1842 1835 1854 19490 
1840 1831 1853 19500 
1840 1829 1856 19510 
1837 1833 1851 19520 
1837 1834 1854 19530 
1836 1836 1852 19540 
1837 1835 1853 19550 
1838 1832 1857 19560 
1840 1832 1855 19570 
1841 1830 1853 19580 
1840 1835 1854 19590 
1841 1832 1855 19600 
1844 1832 1853 19610 
1843 1835 1854 19620 
1843 1832 1854 19630 
1838 1836 1852 19640 
1838 1828 1851 19650 
1840 1833 1854 19660 
1839 1833 1855 19670 
1840 1830 1855 19680 
1837 1835 1850 19690 
1840 1836 1855 19700 
1840 1834 1851 19710 
1841 1836 1856 19720 
1843 1834 1856 19730 
1840 1829 1852 19740 
1841 1833 1856 19750 
1839 1832 1854 19760 
1840 1838 1857 19770 
1836 1834 1848 19780 
1840 1838 1854 19790 
1841 1835 1857 19800 
1840 1833 1854 19810 
1839 1829 1851 19820 
1841 1836 1849 19830 
1840 1838 1855 19840 
1841 1837 1854 19850 
1839 1832 1849 19860 
1836 1834 1851 19870 
1840 1834 1855 19880 
1839 1828 1853 19890 
1838 1834 1853 19900 
1841 1833 1857 19910 
1841 1833 1858 19920 
1841 1832 1855 19930 
1842 1830 1854 19940 
1844 1834 1858 19950 
1842 1834 1855 19960 
1841 1831 1847 19970 
1836 1835 1850 19980 
1839 1836 1855 19990 
1838 1835 1853 20000 
1839 1830 1853 20010 
1839 1836 1854 20020 
1841 1829 1856 20030 
1837 1835 1851 20040 
1842 1833 1854 20050 
1839 1835 1850 20060 
1841 1832 1855 20070 
1843 1837 1851 20080 
1840 1831 1852 20090 
1840 1833 1851 20100 
1842 1835 1857 20110 
1838 1836 1854 20120 
1841 1833 1855 20130 
1841 1833 1855 20140 
1838 1830 1851 20150 
1841 1830 1853 20160 
1841 1834 1855 20170 
1840 1835 1853 20180 
1838 1834 1852 20190 
1840 1831 1851 20200 
1842 1831 1854 20210 
1842 1834 1857 20220 
1841 1831 1854 20230 
1842 1834 1856 20240 
1840 1836 1854 20250 
1840 1836 1854 20260 
1840 1833 1857 20270 
1843 1835 1851 20280 
1842 1832 1854 20290 
1836 1837 1848 20300 
1836 1835 1849 20310 
1843 1837 1858 20320 
1841 1836 1858 20330 
1839 1836 1859 20340 
1840 1834 1856 20350 
1839 1832 1852 20360 
1837 1836 1851 20370 
1841 1834 1853 20380 
1839 1837 1855 20390 
1837 1835 1849 20400 
1840 1836 1855 20410 
1842 1833 1855 20420 
1841 1838 1850 20430 
1838 1837 1849 20440 
1840 1836 1854 20450 
1841 1836 1855 20460 
1840 1833 1855 20470 
1842 1837 1851 20480 
1841 1836 1858 20490 
1837 1836 1849 20500 
1837 1836 1853 20510 
1839 1837 1854 20520 
1839 1838 1851 20530 
1840 1832 1856 20540 
1843 1836 1857 20550 
1841 1835 1856 20560 
1839 1836 1854 20570 
1839 1838 1850 20580 
1841 1838 1856 20590 
1835 1836 1850 20600 
1836 1836 1849 20610 
1841 1838 1854 20620 
1842 1839 1850 20630 
1841 1833 1854 20640 
1841 1839 1855 20650 
1841 1832 1853 20660 
1842 1836 1858 20670 
1839 1838 1849 20680 
1839 1839 1855 20690 
1835 1835 1845 20700 
1839 1838 1853 20710 
1841 1833 1854 20720 
1840 1831 1858 20730 
1837 1838 1850 20740 
1841 1837 1855 20750 
1843 1834 1855 20760 
1842 1837 1858 20770 
1840 1838 1852 20780 
1840 1832 1851 20790 
1839 1831 1850 20800 
1839 1833 1849 20810 
1839 1837 1856 20820 
1841 1832 1853 20830 
1835 1835 1847 20840 
1841 1832 1855 20850 
1841 1834 1855 20860 
1839 1835 1854 20870 
1839 1833 1851 20880 
1839 1835 1854 20890 
1841 1834 1856 20900 
1838 1833 1849 20910 
1841 1834 1854 20920 
1840 1836 1853 20930 
1843 1836 1855 20940 
1839 1833 1850 20950 
1839 1836 1851 20960 
1840 1838 1850 20970 
1839 1834 1851 20980 
1837 1835 1849 20990 
1839 1838 1854 21000 
1840 1831 1850 21010 
1841 1836 1856 21020 
1840 1837 1854 21030 
1835 1837 1849 21040 
1838 1835 1852 21050 
1840 1837 1857 21060 
1843 1836 1853 21070 
1841 1839 1855 21080 
1841 1836 1857 21090 
1838 1833 1850 21100 
1841 1832 1853 21110 
1842 1836 1855 21120 
1841 1835 1856 21130 
1839 1831 1851 21140 
1837 1836 1851 21150 
1842 1835 1856 21160 
1843 1836 1854 21170 
1843 1835 1856 21180 
1842 1837 1858 21190 
1840 1835 1858 21200 
1841 1832 1853 21210 
1840 1837 1850 21220 
1841 1834 1851 21230 
1841 1835 1854 21240 
1839 1832 1851 21250 
1842 1836 1856 21260 
1842 1836 1855 21270 
1841 1838 1856 21280 
1838 1837 1853 21290 
1838 1833 1849 21300 
1840 1832 1851 21310 
1839 1836 1852 21320 
1842 1836 1856 21330 
1842 1835 1856 21340 
1842 1838 1845 21350 
1840 1835 1854 21360 
1841 1833 1855 21370 
1840 1835 1855 21380 
1839 1832 1850 21390 
1839 1835 1854 21400 
1841 1833 1855 21410 
1840 1836 1855 21420 
1841 1836 1854 21430 
1840 1837 1855 21440 
1840 1836 1854 21450 
1843 1837 1857 21460 
1842 1834 1855 21470 
1838 1838 1848 21480 
1841 1834 1856 21490 
1841 1836 1858 21500 
1840 1837 1855 21510 
1840 1834 1856 21520 
1836 1837 1849 21530 
1842 1834 1855 21540 
1838 1836 1852 21550 
1842 1832 1847 21560 
1839 1835 1852 21570 
1842 1834 1853 21580 
1838 1834 1851 21590 
1841 1836 1855 21600 
1842 1836 1859 21610 
1841 1836 1855 21620 
1842 1832 1856 21630 
1841 1836 1854 21640 
1842 1833 1855 21650 
1842 1832 1855 21660 
1839 1834 1851 21670 
1836 1838 1851 21680 
1838 1838 1856 21690 
1840 1832 1855 21700 
1840 1834 1855 21710 
1840 1837 1857 21720 
1836 1836 1855 21730 
1839 1837 1854 21740 
1839 1833 1849 21750 
1840 1833 1855 21760 
1839 1834 1850 21770 
1841 1837 1853 21780 
1842 1839 1856 21790 
1838 1833 1849 21800 
1840 1831 1851 21810 
1840 1835 1852 21820 
1838 1839 1848 21830 
1841 1834 1854 21840 
1840 1838 1856 21850 
1840 1837 1858 21860 
1839 1835 1851 21870 
1843 1838 1857 21880 
1841 1836 1857 21890 
1842 1835 1853 21900 
1841 1834 1856 21910 
1839 1835 1854 21920 
1839 1835 1852 21930 
1839 1836 1854 21940 
1841 1836 1852 21950 
1841 1834 1855 21960 
1841 1835 1853 21970 
1840 1838 1854 21980 
1842 1833 1855 21990 
1842 1834 1856 22000 
1842 1835 1856 22010 
1842 1835 1853 22020 
1841 1834 1854 22030 
1840 1834 1854 22040 
1841 1835 1854 22050 
1841 1835 1855 22060 
1838 1833 1850 22070 
1841 1833 1854 22080 
1840 1831 1851 22090 
1841 1836 1854 22100 
1836 1835 1846 22110 
1839 1836 1854 22120 
1841 1834 1855 22130 
1840 1835 1853 22140 
1839 1834 1858 22150 
1839 1837 1853 22160 
1838 1837 1854 22170 
1837 1836 1849 22180 
1837 1835 1848 22190 
1843 1837 1855 22200 
1838 1837 1850 22210 
1839 1833 1850 22220 
1837 1835 1849 22230 
1841 1837 1854 22240 
1843 1833 1854 22250 
1840 1836 1854 22260 
1839 1830 1850 22270 
1841 1837 1858 22280 
1838 1833 1850 22290 
1840 1836 1852 22300 
1837 1837 1851 22310 
1840 1833 1854 22320 
1840 1838 1854 22330 
1840 1832 1852 22340 
1837 1837 1852 22350 
1840 1838 1853 22360 
1840 1836 1854 22370 
1840 1836 1852 22380 
1840 1833 1851 22390 
1842 1835 1854 22400 
1836 1837 1851 22410 
1839 1839 1855 22420 
1840 1838 1856 22430 
1839 1837 1850 22440 
1839 1835 1855 22450 
1840 1838 1853 22460 
1842 1837 1857 22470 
1835 1837 1847 22480 
1840 1834 1851 22490 
1839 1836 1856 22500 
1840 1838 1856 22510 
1841 1836 1855 22520 
1839 1830 1851 22530 
1841 1836 1855 22540 
1839 1833 1855 22550 
1835 1837 1846 22560 
1838 1833 1851 22570 
1839 1836 1850 22580 
1836 1837 1849 22590 
1839 1835 1853 22600 
1841 1837 1855 22610 
1839 1833 1850 22620 
1835 1834 1847 22630 
1842 1835 1857 22640 
1836 1834 1854 22650 
1836 1836 1850 22660 
1840 1837 1855 22670 
1837 1836 1853 22680 
1840 1836 1855 22690 
1836 1837 1851 22700 
1838 1836 1852 22710 
1839 1835 1850 22720 
1839 1836 1854 22730 
1839 1835 1853 22740 
1843 1836 1852 22750 
1841 1837 1856 22760 
1840 1835 1854 22770 
1841 1832 1853 22780 
1838 1836 1851 22790 
1840 1834 1857 22800 
1838 1835 1852 22810 
1842 1834 1853 22820 
1835 1835 1848 22830 
1839 1837 1853 22840 
1842 1835 1855 22850 
1840 1838 1857 22860 
1840 1833 1855 22870 
1842 1835 1857 22880 
1842 1835 1858 22890 
1841 1834 1855 22900 
1839 1830 1852 22910 
1840 1831 1853 22920 
1841 1831 1854 22930 
1841 1830 1853 22940 
1840 1835 1854 22950 
1841 1837 1852 22960 
1841 1832 1855 22970 
1838 1834 1855 22980 
1836 1836 1850 22990 
1839 1835 1854 23000 
1839 1836 1855 23010 
1841 1835 1855 23020 
1842 1836 1856 23030 
1838 1830 1851 23040 
1838 1836 1853 23050 
1841 1834 1855 23060 
1841 1832 1854 23070 
1841 1835 1856 23080 
1838 1832 1851 23090 
1838 1836 1853 23100 
1840 1836 1848 23110 
1841 1836 1855 23120 
1837 1835 1852 23130 
1840 1834 1851 23140 
1839 1835 1852 23150 
1840 1837 1852 23160 
1840 1837 1854 23170 
1838 1835 1849 23180 
1835 1834 1846 23190 
1841 1834 1853 23200 
1840 1838 1850 23210 
1841 1832 1855 23220 
1839 1838 1854 23230 
1838 1837 1853 23240 
1839 1833 1848 23250 
1839 1834 1855 23260 
1840 1831 1854 23270 
1838 1834 1846 23280 
1840 1833 1856 23290 
1839 1836 1854 23300 
1839 1836 1848 23310 
1839 1836 1850 23320 
1839 1837 1852 23330 
1840 1833 1856 23340 
1839 1836 1853 23350 
1843 1834 1854 23360 
1842 1837 1858 23370 
1839 1836 1854 23380 
1843 1835 1858 23390 
1842 1836 1858 23400 
1842 1833 1854 23410 
1842 1833 1856 23420 
1838 1836 1849 23430 
1838 1834 1852 23440 
1841 1834 1855 23450 
1840 1832 1856 23460 
1840 1838 1849 23470 
1840 1837 1855 23480 
1838 1834 1849 23490 
1840 1831 1849 23500 
1837 1835 1850 23510 
1842 1835 1855 23520 
1841 1835 1853 23530 
1837 1835 1852 23540 
1839 1837 1854 23550 
1838 1832 1852 23560 
1841 1836 1850 23570 
1841 1834 1854 23580 
1840 1832 1851 23590 
1838 1835 1848 23600 
1842 1837 1858 23610 
1836 1835 1852 23620 
1838 1837 1850 23630 
1840 1833 1854 23640 
1839 1837 1854 23650 
1838 1834 1853 23660 
1838 1834 1853 23670 
1839 1832 1851 23680 
1841 1835 1855 23690 
1840 1832 1851 23700 
1841 1831 1852 23710 
1840 1834 1858 23720 
1841 1831 1854 23730 
1840 1837 1855 23740 
1838 1836 1852 23750 
1842 1835 1855 23760 
1841 1834 1858 23770 
1842 1834 1857 23780 
1843 1833 1857 23790 
1837 1836 1849 23800 
1841 1834 1856 23810 
1835 1835 1852 23820 
1837 1837 1857 23830 
1840 1838 1855 23840 
1841 1833 1853 23850 
1841 1835 1853 23860 
1840 1835 1855 23870 
1844 1836 1855 23880 
1840 1836 1854 23890 
1838 1836 1851 23900 
1839 1833 1850 23910 
1841 1834 1855 23920 
1835 1837 1849 23930 
1837 1835 1851 23940 
1842 1837 1858 23950 
1840 1836 1855 23960 
1840 1829 1851 23970 
1840 1837 1854 23980 
1841 1834 1856 23990 
1841 1837 1849 24000 
1842 1838 1856 24010 
1839 1836 1853 24020 
1837 1837 1851 24030 
1841 1831 1855 24040 
1839 1836 1851 24050 
1840 1836 1852 24060 
1840 1836 1855 24070 
1843 1833 1857 24080 
1840 1836 1856 24090 
1844 1836 1853 24100 
1842 1836 1856 24110 
1841 1835 1855 24120 
1841 1837 1857 24130 
1839 1837 1854 24140 
1841 1834 1855 24150 
1842 1834 1855 24160 
1837 1836 1851 24170 
1838 1836 1851 24180 
1837 1835 1850 24190 
1841 1834 1858 24200 
1835 1836 1849 24210 
1841 1833 1854 24220 
1839 1833 1849 24230 
1839 1837 1853 24240 
1839 1836 1848 24250 
1840 1834 1849 24260 
1840 1832 1849 24270 
1840 1832 1850 24280 
1838 1836 1852 24290 
1839 1833 1859 24300 
1832 1836 1850 24310 
1839 1833 1855 24320 
1842 1835 1858 24330 
1838 1836 1851 24340 
1840 1838 1848 24350 
1839 1835 1847 24360 
1841 1835 1854 24370 
1838 1838 1853 24380 
1837 1837 1851 24390 
1840 1838 1850 24400 
1839 1835 1850 24410 
1837 1837 1849 24420 
1839 1834 1850 24430 
1840 1837 1852 24440 
1839 1835 1855 24450 
1842 1832 1856 24460 
1840 1836 1855 24470 
1841 1839 1847 24480 
1840 1837 1854 24490 
1839 1834 1852 24500 
1838 1836 1851 24510 
1839 1832 1851 24520 
1843 1833 1855 24530 
1839 1835 1855 24540 
1840 1837 1853 24550 
1841 1839 1855 24560 
1843 1834 1857 24570 
1839 1835 1847 24580 
1837 1832 1853 24590 
1839 1835 1855 24600 
1838 1834 1851 24610 
1841 1833 1855 24620 
1842 1833 1855 24630 
1844 1835 1856 24640 
1845 1832 1855 24650 
1844 1836 1856 24660 
1839 1837 1855 24670 
1838 1835 1852 24680 
1835 1835 1850 24690 
1841 1833 1855 24700 
1838 1837 1849 24710 
1840 1832 1850 24720 
1841 1835 1853 24730 
1842 1836 1855 24740 
1840 1836 1853 24750 
1841 1835 1856 24760 
1841 1833 1856 24770 
1837 1835 1849 24780 
1839 1833 1851 24790 
1843 1836 1854 24800 
1840 1837 1857 24810 
1840 1832 1854 24820 
1839 1835 1854 24830 
1833 1835 1847 24840 
1840 1839 1850 24850 
1837 1836 1854 24860 
1838 1836 1852 24870 
1841 1837 1854 24880 
1841 1837 1856 24890 
1843 1839 1850 24900 
1841 1834 1851 24910 
1840 1838 1856 24920 
1840 1831 1852 24930 
1840 1835 1857 24940 
1841 1838 1849 24950 
1841 1830 1854 24960 
1841 1832 1851 24970 
1843 1837 1858 24980 
1842 1836 1858 24990 
1841 1832 1851 25000 
1840 1835 1857 25010 
1836 1835 1854 25020 
1838 1837 1854 25030 
1840 1835 1857 25040 
1835 1836 1849 25050 
1837 1836 1850 25060 
1842 1831 1857 25070 
1840 1837 1854 25080 
1839 1835 1852 25090 
1838 1834 1849 25100 
1839 1836 1852 25110 
1841 1838 1851 25120 
1841 1839 1855 25130 
1841 1836 1855 25140 
1840 1836 1853 25150 
1842 1837 1858 25160 
1844 1835 1856 25170 
1840 1836 1853 25180 
1838 1836 1851 25190 
1836 1836 1853 25200 
1840 1835 1853 25210 
1839 1839 1850 25220 
1839 1837 1853 25230 
1841 1834 1853 25240 
1841 1832 1852 25250 
1840 1831 1850 25260 
1840 1834 1859 25270 
1839 1836 1851 25280 
1840 1835 1852 25290 
1840 1836 1855 25300 
1838 1834 1848 25310 
1841 1833 1858 25320 
1840 1839 1857 25330 
1840 1837 1856 25340 
1841 1830 1852 25350 
1842 1836 1859 25360 
1840 1834 1858 25370 
1842 1838 1858 25380 
1842 1834 1855 25390 
1840 1834 1851 25400 
1840 1836 1853 25410 
1841 1839 1846 25420 
1841 1836 1856 25430 
1843 1836 1857 25440 
1840 1837 1854 25450 
1840 1837 1855 25460 
1842 1838 1847 25470 
1841 1836 1856 25480 
1842 1837 1859 25490 
1841 1834 1857 25500 
1840 1833 1854 25510 
1844 1840 1858 25520 
1841 1833 1856 25530 
1841 1840 1856 25540 
1841 1838 1857 25550 
1840 1838 1854 25560 
1841 1838 1855 25570 
1841 1832 1852 25580 
1839 1838 1853 25590 
1841 1834 1853 25600 
1841 1835 1855 25610 
1840 1836 1856 25620 
1839 1837 1855 25630 
1838 1835 1854 25640 
1840 1833 1854 25650 
1838 1837 1850 25660 
1842 1835 1854 25670 
1841 1830 1854 25680 
1841 1836 1854 25690 
1842 1839 1850 25700 
1843 1835 1856 25710 
1842 1834 1855 25720 
1840 1832 1851 25730 
1837 1835 1847 25740 
1840 1835 1851 25750 
1841 1838 1856 25760 
1841 1830 1852 25770 
1842 1833 1852 25780 
1840 1836 1854 25790 
1844 1835 1854 25800 
1842 1834 1857 25810 
1841 1833 1855 25820 
1840 1838 1856 25830 
1839 1835 1855 25840 
1840 1838 1852 25850 
1838 1832 1851 25860 
1840 1838 1859 25870 
1839 1834 1850 25880 
1840 1835 1854 25890 
1842 1835 1858 25900 
1841 1833 1852 25910 
1841 1838 1855 25920 
1842 1831 1852 25930 
1843 1833 1856 25940 
1840 1839 1848 25950 
1843 1837 1857 25960 
1841 1838 1857 25970 
1842 1837 1859 25980 
1842 1834 1854 25990 
1839 1838 1850 26000 
1841 1835 1854 26010 
1841 1836 1853 26020 
1839 1832 1851 26030 
1842 1836 1856 26040 
1842 1834 1855 26050 
1840 1835 1852 26060 
1843 1839 1855 26070 
1841 1836 1853 26080 
1839 1833 1857 26090 
1838 1835 1853 26100 
1837 1833 1851 26110 
1834 1836 1848 26120 
1838 1837 1852 26130 
1844 1836 1856 26140 
1839 1840 1856 26150 
1839 1837 1848 26160 
1842 1838 1854 26170 
1842 1833 1853 26180 
1843 1836 1855 26190 
1845 1835 1857 26200 
1843 1834 1855 26210 
1840 1837 1852 26220 
1838 1836 1852 26230 
1844 1835 1856 26240 
1840 1833 1853 26250 
1841 1834 1856 26260 
1840 1832 1855 26270 
1838 1837 1855 26280 
1839 1834 1859 26290 
1839 1838 1855 26300 
1838 1833 1852 26310 
1837 1837 1853 26320 
1841 1834 1855 26330 
1839 1835 1854 26340 
1840 1834 1853 26350 
1837 1836 1850 26360 
1841 1839 1855 26370 
1840 1837 1854 26380 
1844 1837 1852 26390 
1842 1833 1856 26400 
1841 1837 1856 26410 
1838 1833 1851 26420 
1841 1837 1858 26430 
1842 1838 1852 26440 
1839 1836 1857 26450 
1840 1832 1852 26460 
1840 1835 1852 26470 
1843 1834 1856 26480 
1840 1838 1851 26490 
1840 1837 1852 26500 
1841 1835 1854 26510 
1842 1833 1855 26520 
1840 1837 1855 26530 
1840 1838 1848 26540 
1837 1836 1850 26550 
1841 1835 1855 26560 
1838 1836 1852 26570 
1836 1837 1848 26580 
1840 1831 1851 26590 
1839 1830 1851 26600 
1840 1836 1854 26610 
1839 1837 1850 26620 
1840 1835 1851 26630 
1839 1834 1850 26640 
1838 1833 1850 26650 
1839 1833 1851 26660 
1841 1836 1856 26670 
1838 1836 1853 26680 
1838 1837 1849 26690 
1842 1838 1859 26700 
1841 1839 1856 26710 
1842 1835 1856 26720 
1840 1835 1848 26730 
1841 1835 1858 26740 
1838 1834 1851 26750 
1841 1835 1855 26760 
1839 1835 1855 26770 
1839 1837 1854 26780 
1839 1834 1851 26790 
1839 1838 1854 26800 
1841 1838 1857 26810 
1842 1833 1857 26820 
1838 1837 1852 26830 
1840 1835 1852 26840 
1841 1836 1857 26850 
1838 1834 1851 26860 
1839 1836 1853 26870 
1837 1837 1851 26880 
1840 1837 1856 26890 
1841 1834 1854 26900 
1839 1836 1853 26910 
1841 1840 1850 26920 
1842 1833 1853 26930 
1842 1837 1858 26940 
1841 1838 1856 26950 
1840 1836 1854 26960 
1844 1835 1853 26970 
1843 1834 1856 26980 
1841 1834 1855 26990 
1841 1835 1858 27000 
1843 1835 1857 27010 
1841 1837 1854 27020 
1844 1837 1859 27030 
1841 1833 1852 27040 
1842 1835 1858 27050 
1838 1836 1852 27060 
1842 1839 1846 27070 
1841 1833 1857 27080 
1842 1832 1855 27090 
1842 1834 1856 27100 
1843 1837 1859 27110 
1842 1837 1857 27120 
1841 1835 1858 27130 
1839 1838 1851 27140 
1842 1840 1858 27150 
1840 1838 1855 27160 
1838 1836 1850 27170 
1840 1834 1848 27180 
1841 1838 1851 27190 
1840 1838 1854 27200 
1842 1837 1858 27210 
1839 1837 1853 27220 
1836 1835 1849 27230 
1842 1836 1854 27240 
1839 1835 1853 27250 
1842 1836 1857 27260 
1842 1836 1856 27270 
1840 1836 1853 27280 
1843 1835 1856 27290 
1840 1837 1855 27300 
1843 1837 1858 27310 
1841 1832 1852 27320 
1839 1834 1851 27330 
1841 1832 1854 27340 
1841 1839 1856 27350 
1842 1836 1860 27360 
1837 1837 1850 27370 
1842 1834 1856 27380 
1841 1839 1851 27390 
1841 1839 1857 27400 
1838 1836 1850 27410 
1842 1834 1855 27420 
1842 1836 1855 27430 
1842 1839 1850 27440 
1840 1837 1852 27450 
1835 1835 1846 27460 
1839 1836 1854 27470 
1837 1837 1851 27480 
1840 1838 1850 27490 
1840 1837 1855 27500 
1840 1833 1852 27510 
1839 1837 1852 27520 
1843 1837 1859 27530 
1840 1838 1849 27540 
1843 1836 1856 27550 
1842 1835 1857 27560 
1842 1834 1856 27570 
1843 1835 1857 27580 
1843 1837 1855 27590 
1839 1839 1854 27600 
1841 1839 1859 27610 
1838 1835 1850 27620 
1838 1836 1852 27630 
1840 1837 1855 27640 
1843 1839 1851 27650 
1841 1838 1859 27660 
1841 1837 1855 27670 
1843 1835 1857 27680 
1840 1837 1854 27690 
1842 1834 1859 27700 
1843 1839 1857 27710 
1840 1837 1853 27720 
1842 1832 1853 27730 
1840 1837 1854 27740 
1844 1835 1853 27750 
1840 1831 1852 27760 
1841 1836 1858 27770 
1841 1836 1859 27780 
1842 1837 1859 27790 
1842 1838 1848 27800 
1839 1836 1853 27810 
1839 1832 1852 27820 
1837 1837 1855 27830 
1836 1836 1851 27840 
1837 1837 1851 27850 
1841 1833 1856 27860 
1841 1838 1857 27870 
1837 1837 1854 27880 
1842 1837 1855 27890 
1842 1835 1853 27900 
1840 1836 1852 27910 
1838 1836 1849 27920 
1837 1836 1847 27930 
1842 1836 1856 27940 
1843 1838 1853 27950 
1839 1838 1850 27960 
1840 1834 1851 27970 
1842 1837 1856 27980 
1841 1837 1855 27990 
1839 1835 1855 28000 
1843 1836 1859 28010 
1842 1836 1857 28020 
1838 1836 1854 28030 
1836 1835 1846 28040 
1841 1838 1853 28050 
1840 1837 1856 28060 
1841 1830 1852 28070 
1840 1836 1853 28080 
1841 1833 1848 28090 
1842 1834 1856 28100 
1842 1834 1856 28110 
1842 1841 1856 28120 
1838 1837 1850 28130 
1839 1832 1852 28140 
1842 1834 1848 28150 
1840 1835 1852 28160 
1839 1837 1854 28170 
1838 1837 1852 28180 
1840 1840 1857 28190 
1839 1837 1850 28200 
1836 1836 1847 28210 
1842 1836 1853 28220 
1840 1834 1852 28230 
1839 1834 1853 28240 
1842 1837 1855 28250 
1842 1833 1849 28260 
1840 1839 1850 28270 
1842 1837 1855 28280 
1839 1836 1853 28290 
1840 1833 1853 28300 
1844 1838 1860 28310 
1841 1839 1851 28320 
1841 1834 1853 28330 
1841 1839 1856 28340 
1842 1835 1856 28350 
1842 1837 1858 28360 
1840 1834 1854 28370 
1840 1838 1856 28380 
1841 1834 1856 28390 
1835 1837 1849 28400 
1838 1839 1854 28410 
1837 1838 1853 28420 
1842 1835 1856 28430 
1842 1838 1855 28440 
1837 1837 1850 28450 
1837 1836 1846 28460 
1842 1840 1846 28470 
1842 1835 1852 28480 
1841 1837 1854 28490 
1841 1839 1856 28500 
1841 1831 1856 28510 
1839 1838 1851 28520 
1841 1837 1852 28530 
1840 1834 1851 28540 
1841 1838 1857 28550 
1840 1834 1851 28560 
1842 1834 1858 28570 
1842 1839 1857 28580 
1839 1833 1850 28590 
1841 1833 1854 28600 
1836 1837 1851 28610 
1841 1839 1846 28620 
1842 1839 1857 28630 
1842 1834 1848 28640 
1839 1830 1852 28650 
1841 1839 1856 28660 
1837 1836 1848 28670 
1840 1836 1854 28680 
1839 1836 1852 28690 
1844 1836 1854 28700 
1843 1838 1858 28710 
1839 1837 1853 28720 
1839 1836 1852 28730 
1842 1837 1856 28740 
1841 1837 1855 28750 
1839 1837 1850 28760 
1839 1834 1851 28770 
1841 1834 1857 28780 
1841 1838 1856 28790 
1841 1840 1847 28800 
1840 1837 1857 28810 
1839 1836 1855 28820 
1837 1837 1851 28830 
1841 1837 1855 28840 
1843 1836 1854 28850 
1841 1838 1855 28860 
1842 1834 1856 28870 
1843 1834 1856 28880 
1840 1839 1856 28890 
1842 1836 1855 28900 
1839 1838 1854 28910 
1841 1835 1856 28920 
1840 1835 1854 28930 
1839 1835 1850 28940 
1840 1840 1850 28950 
1841 1832 1857 28960 
1840 1835 1852 28970 
1839 1833 1851 28980 
1843 1837 1859 28990 
1841 1836 1858 29000 
1841 1838 1857 29010 
1839 1837 1853 29020 
1838 1838 1851 29030 
1840 1838 1854 29040 
1842 1833 1858 29050 
1841 1837 1853 29060 
1837 1836 1851 29070 
1841 1839 1855 29080 
1839 1833 1850 29090 
1842 1840 1852 29100 
1838 1839 1852 29110 
1841 1839 1855 29120 
1841 1838 1855 29130 
1841 1837 1857 29140 
1842 1835 1855 29150 
1839 1836 1851 29160 
1840 1835 1855 29170 
1840 1836 1855 29180 
1843 1834 1857 29190 
1840 1835 1852 29200 
1840 1835 1858 29210 
1837 1838 1854 29220 
1839 1834 1850 29230 
1841 1836 1856 29240 
1839 1836 1854 29250 
1842 1834 1855 29260 
1841 1836 1854 29270 
1841 1839 1856 29280 
1839 1835 1852 29290 
1841 1831 1853 29300 
1842 1839 1851 29310 
1839 1838 1854 29320 
1840 1834 1851 29330 
1839 1836 1853 29340 
1838 1835 1852 29350 
1842 1839 1850 29360 
1840 1834 1853 29370 
1841 1836 1852 29380 
1841 1837 1855 29390 
1840 1835 1855 29400 
1840 1837 1853 29410 
1843 1835 1856 29420 
1840 1835 1852 29430 
1842 1838 1856 29440 
1842 1834 1854 29450 
1840 1840 1850 29460 
1843 1838 1858 29470 
1841 1835 1855 29480 
1839 1834 1851 29490 
1841 1834 1855 29500 
1841 1837 1848 29510 
1842 1835 1856 29520 
1841 1838 1855 29530 
1841 1838 1855 29540 
1841 1838 1856 29550 
1842 1840 1847 29560 
1841 1837 1854 29570 
1841 1839 1856 29580 
1839 1831 1852 29590 
1836 1837 1849 29600 
1836 1838 1852 29610 
1842 1835 1856 29620 
1838 1836 1848 29630 
1840 1838 1855 29640 
1842 1837 1857 29650 
1838 1838 1852 29660 
1841 1839 1857 29670 
1839 1837 1852 29680 
1841 1838 1856 29690 
1843 1840 1847 29700 
1843 1838 1857 29710 
1842 1834 1854 29720 
1837 1838 1847 29730 
1844 1835 1855 29740 
1843 1833 1855 29750 
1842 1834 1849 29760 
1840 1833 1852 29770 
1837 1830 1851 29780 
1839 1833 1855 29790 
1839 1835 1851 29800 
1842 1837 1856 29810 
1838 1834 1851 29820 
1839 1831 1852 29830 
1840 1839 1855 29840 
1841 1839 1851 29850 
1837 1838 1853 29860 
1838 1838 1852 29870 
1843 1835 1855 29880 
1839 1837 1852 29890 
1844 1837 1855 29900 
1841 1837 1851 29910 
1842 1836 1856 29920 
1841 1835 1857 29930 
1842 1834 1855 29940 
1840 1840 1850 29950 
1842 1835 1856 29960 
1843 1839 1859 29970 
1842 1836 1856 29980 
1839 1834 1851 29990 
1839 1837 1853 30000 
1842 1837 1856 30010 
