1879 1846 1860 10 
1842 1845 1860 20 
1843 1839 1853 30 
1840 1830 1849 40 
1841 1839 1848 50 
1841 1832 1849 60 
1841 1830 1850 70 
1837 1831 1847 80 
1838 1828 1847 90 
1840 1836 1853 100 
1841 1834 1852 110 
1834 1834 1844 120 
1838 1833 1853 130 
1840 1832 1850 140 
1841 1833 1851 150 
1842 1830 1850 160 
1839 1834 1846 170 
1843 1833 1855 180 
1842 1833 1851 190 
1840 1832 1848 200 
1838 1836 1853 210 
1837 1835 1847 220 
1840 1838 1855 230 
1841 1832 1852 240 
1841 1836 1854 250 
1841 1835 1850 260 
1843 1835 1850 270 
1842 1830 1847 280 
1846 1833 1851 290 
1842 1835 1852 300 
1841 1836 1851 310 
1840 1830 1847 320 
1841 1831 1850 330 
1840 1833 1851 340 
1841 1838 1854 350 
1839 1831 1851 360 
1842 1832 1855 370 
1842 1834 1852 380 
1844 1835 1854 390 
1844 1833 1854 400 
1841 1834 1852 410 
1842 1835 1852 420 
1842 1839 1853 430 
1838 1833 1847 440 
1843 1834 1851 450 
1837 1833 1847 460 
1837 1835 1852 470 
1841 1832 1853 480 
1838 1831 1848 490 
1839 1831 1850 500 
1843 1836 1857 510 
1841 1830 1849 520 
1841 1836 1850 530 
1838 1839 1851 540 
1839 1839 1853 550 
1844 1831 1849 560 
1845 1836 1852 570 
1843 1835 1847 580 
1846 1833 1853 590 
1845 1833 1852 600 
1841 1837 1851 610 
1840 1837 1852 620 
1839 1834 1851 630 
1833 1836 1845 640 
1840 1838 1847 650 
1839 1835 1850 660 
1841 1833 1852 670 
1838 1834 1848 680 
1842 1836 1854 690 
1844 1834 1856 700 
1845 1836 1855 710 
1843 1836 1849 720 
1842 1838 1847 730 
1841 1834 1852 740 
1839 1835 1849 750 
1837 1836 1850 760 
1835 1837 1854 770 
1842 1832 1855 780 
1845 1837 1854 790 
1839 1832 1848 800 
1841 1837 1849 810 
1838 1835 1851 820 
1841 1834 1853 830 
1839 1832 1852 840 
1837 1833 1848 850 
1840 1837 1852 860 
1840 1834 1852 870 
1838 1836 1854 880 
1839 1832 1856 890 
1845 1835 1856 900 
1843 1837 1851 910 
1841 1836 1852 920 
1842 1832 1851 930 
1844 1834 1852 940 
1844 1837 1849 950 
1847 1836 1852 960 
1848 1836 1849 970 
1847 1833 1852 980 
1842 1836 1849 990 
1840 1831 1846 1000 
1836 1834 1846 1010 
1840 1833 1853 1020 
1838 1836 1854 1030 
1839 1832 1854 1040 
1840 1832 1853 1050 
1839 1834 1856 1060 
1839 1834 1844 1070 
1842 1832 1852 1080 
1842 1836 1854 1090 
1843 1834 1853 1100 
1845 1834 1857 1110 
1841 1834 1849 1120 
1845 1835 1855 1130 
1837 1835 1845 1140 
1842 1833 1851 1150 
1842 1835 1853 1160 
1841 1838 1850 1170 
1842 1837 1852 1180 
1843 1833 1853 1190 
1838 1836 1847 1200 
1842 1833 1854 1210 
1842 1836 1855 1220 
1836 1836 1848 1230 
1840 1837 1854 1240 
1843 1832 1854 1250 
1840 1837 1852 1260 
1842 1839 1848 1270 
1841 1838 1851 1280 
1842 1833 1852 1290 
1840 1838 1852 1300 
1838 1829 1849 1310 
1840 1836 1852 1320 
1840 1836 1852 1330 
1840 1834 1851 1340 
1843 1834 1855 1350 
1841 1830 1850 1360 
1844 1834 1854 1370 
1842 1831 1848 1380 
1843 1837 1851 1390 
1840 1837 1851 1400 
1842 1837 1853 1410 
1842 1836 1852 1420 
1841 1833 1855 1430 
1841 1833 1853 1440 
1840 1834 1851 1450 
1839 1838 1852 1460 
1840 1833 1850 1470 
1840 1835 1847 1480 
1841 1837 1852 1490 
1843 1837 1855 1500 
1843 1837 1851 1510 
1840 1834 1848 1520 
1841 1836 1852 1530 
1842 1833 1853 1540 
1842 1833 1854 1550 
1841 1833 1845 1560 
1837 1835 1847 1570 
1841 1832 1854 1580 
1839 1835 1852 1590 
1838 1835 1846 1600 
1839 1833 1851 1610 
1843 1835 1855 1620 
1840 1839 1855 1630 
1842 1836 1854 1640 
1840 1834 1848 1650 
1841 1835 1855 1660 
1841 1837 1858 1670 
1848 1839 1860 1680 
1847 1837 1854 1690 
1841 1841 1842 1700 
1834 1834 1848 1710 
1840 1835 1853 1720 
1838 1836 1848 1730 
1839 1835 1849 1740 
1839 1837 1853 1750 
1843 1839 1854 1760 
1838 1836 1848 1770 
1846 1838 1853 1780 
1842 1834 1853 1790 
1840 1836 1850 1800 
1840 1835 1854 1810 
1839 1836 1852 1820 
1841 1837 1854 1830 
1841 1837 1853 1840 
1843 1834 1852 1850 
1843 1837 1849 1860 
1844 1836 1856 1870 
1843 1836 1852 1880 
1841 1832 1845 1890 
1839 1836 1850 1900 
1840 1837 1853 1910 
1838 1839 1850 1920 
1840 1830 1851 1930 
1843 1835 1855 1940 
1837 1835 1849 1950 
1841 1832 1852 1960 
1842 1838 1854 1970 
1843 1831 1851 1980 
1837 1836 1846 1990 
1845 1835 1854 2000 
1836 1834 1845 2010 
1844 1834 1853 2020 
1842 1834 1853 2030 
1840 1837 1853 2040 
1842 1834 1854 2050 
1843 1836 1855 2060 
1838 1834 1845 2070 
1842 1835 1851 2080 
1840 1833 1849 2090 
1839 1834 1851 2100 
1840 1835 1857 2110 
1841 1834 1850 2120 
1840 1838 1853 2130 
1844 1833 1858 2140 
1840 1836 1853 2150 
1842 1833 1856 2160 
1839 1831 1850 2170 
1842 1833 1856 2180 
1841 1835 1855 2190 
1840 1837 1850 2200 
1840 1834 1850 2210 
1845 1835 1853 2220 
1842 1832 1846 2230 
1843 1832 1853 2240 
1839 1835 1850 2250 
1839 1829 1848 2260 
1843 1835 1855 2270 
1840 1836 1855 2280 
1841 1832 1854 2290 
1844 1832 1855 2300 
1840 1833 1850 2310 
1844 1833 1857 2320 
1842 1835 1853 2330 
1843 1832 1853 2340 
1843 1838 1856 2350 
1843 1836 1850 2360 
1845 1834 1854 2370 
1843 1838 1848 2380 
1844 1834 1854 2390 
1842 1836 1854 2400 
1840 1836 1852 2410 
1840 1835 1852 2420 
1840 1833 1856 2430 
1842 1838 1857 2440 
1839 1834 1852 2450 
1840 1836 1852 2460 
1841 1835 1854 2470 
1839 1837 1854 2480 
1839 1833 1851 2490 
1842 1836 1854 2500 
1845 1835 1852 2510 
1846 1835 1848 2520 
1839 1832 1853 2530 
1838 1835 1844 2540 
1834 1833 1848 2550 
1833 1834 1852 2560 
1840 1837 1855 2570 
1839 1835 1851 2580 
1843 1838 1854 2590 
1846 1836 1850 2600 
1843 1835 1849 2610 
1845 1832 1850 2620 
1842 1837 1853 2630 
1843 1836 1856 2640 
1841 1838 1857 2650 
1839 1834 1850 2660 
1840 1838 1850 2670 
1836 1836 1850 2680 
1841 1835 1858 2690 
1837 1835 1846 2700 
1842 1830 1851 2710 
1845 1836 1854 2720 
1845 1836 1856 2730 
1842 1835 1853 2740 
1846 1837 1851 2750 
1839 1831 1850 2760 
1840 1836 1851 2770 
1834 1834 1844 2780 
1837 1835 1848 2790 
1842 1837 1857 2800 
1842 1836 1852 2810 
1840 1836 1854 2820 
1843 1837 1852 2830 
1842 1832 1855 2840 
1843 1836 1857 2850 
1841 1838 1854 2860 
1842 1834 1855 2870 
1836 1835 1849 2880 
1842 1835 1856 2890 
1840 1836 1853 2900 
1847 1837 1855 2910 
1844 1833 1854 2920 
1838 1836 1846 2930 
1840 1836 1850 2940 
1843 1831 1855 2950 
1841 1833 1852 2960 
1842 1833 1853 2970 
1842 1835 1854 2980 
1840 1836 1850 2990 
1840 1835 1853 3000 
1838 1836 1846 3010 
1836 1835 1843 3020 
1837 1833 1853 3030 
1839 1839 1855 3040 
1843 1840 1851 3050 
1838 1835 1848 3060 
1842 1833 1853 3070 
1838 1829 1849 3080 
1840 1830 1853 3090 
1841 1837 1856 3100 
1840 1837 1853 3110 
1844 1834 1856 3120 
1845 1832 1856 3130 
1840 1835 1856 3140 
1846 1837 1860 3150 
1844 1835 1854 3160 
1840 1835 1848 3170 
1842 1833 1849 3180 
1839 1837 1850 3190 
1840 1835 1851 3200 
1843 1835 1854 3210 
1841 1834 1854 3220 
1841 1836 1855 3230 
1839 1834 1850 3240 
1842 1832 1853 3250 
1844 1835 1854 3260 
1844 1837 1856 3270 
1843 1835 1854 3280 
1845 1834 1858 3290 
1842 1838 1853 3300 
1843 1837 1855 3310 
1841 1832 1854 3320 
1841 1836 1855 3330 
1843 1833 1848 3340 
1843 1839 1856 3350 
1840 1831 1851 3360 
1839 1836 1849 3370 
1841 1835 1852 3380 
1843 1835 1855 3390 
1838 1834 1851 3400 
1841 1832 1853 3410 
1843 1837 1857 3420 
1839 1835 1851 3430 
1838 1837 1851 3440 
1840 1838 1853 3450 
1839 1834 1849 3460 
1844 1835 1857 3470 
1840 1837 1850 3480 
1840 1837 1848 3490 
1845 1837 1854 3500 
1844 1839 1855 3510 
1836 1837 1849 3520 
1841 1835 1854 3530 
1843 1837 1855 3540 
1840 1831 1851 3550 
1839 1835 1849 3560 
1841 1836 1856 3570 
1842 1839 1855 3580 
1845 1841 1860 3590 
1843 1838 1855 3600 
1845 1840 1847 3610 
1844 1833 1849 3620 
1845 1837 1856 3630 
1841 1836 1852 3640 
1843 1839 1846 3650 
1838 1833 1849 3660 
1842 1835 1855 3670 
1839 1840 1854 3680 
1838 1837 1850 3690 
1837 1836 1846 3700 
1840 1840 1853 3710 
1841 1837 1852 3720 
1845 1837 1855 3730 
1845 1838 1857 3740 
1844 1837 1856 3750 
1843 1832 1851 3760 
1842 1833 1857 3770 
1842 1835 1855 3780 
1840 1838 1855 3790 
1839 1837 1856 3800 
1840 1834 1858 3810 
1842 1837 1856 3820 
1845 1837 1860 3830 
1841 1837 1855 3840 
1839 1835 1849 3850 
1843 1832 1853 3860 
1838 1837 1852 3870 
1842 1832 1853 3880 
1844 1835 1855 3890 
1839 1837 1850 3900 
1843 1835 1853 3910 
1841 1833 1850 3920 
1838 1837 1849 3930 
1842 1836 1858 3940 
1844 1838 1854 3950 
1845 1835 1855 3960 
1843 1838 1854 3970 
1841 1837 1852 3980 
1842 1839 1855 3990 
1844 1836 1856 4000 
1841 1838 1853 4010 
1842 1836 1852 4020 
1838 1838 1847 4030 
1842 1836 1855 4040 
1844 1835 1855 4050 
1837 1836 1849 4060 
1840 1839 1855 4070 
1836 1835 1847 4080 
1842 1832 1855 4090 
1844 1836 1859 4100 
1843 1835 1855 4110 
1841 1833 1854 4120 
1844 1838 1853 4130 
1842 1837 1854 4140 
1841 1832 1850 4150 
1843 1835 1856 4160 
1845 1836 1854 4170 
1844 1833 1858 4180 
1842 1834 1853 4190 
1844 1833 1855 4200 
1841 1835 1849 4210 
1842 1831 1850 4220 
1842 1833 1851 4230 
1842 1840 1857 4240 
1840 1831 1851 4250 
1842 1838 1852 4260 
1838 1837 1853 4270 
1839 1838 1851 4280 
1843 1837 1860 4290 
1841 1838 1858 4300 
1842 1837 1859 4310 
1842 1837 1851 4320 
1839 1838 1850 4330 
1844 1839 1851 4340 
1844 1837 1859 4350 
1843 1833 1854 4360 
1844 1836 1859 4370 
1844 1837 1855 4380 
1844 1831 1852 4390 
1844 1839 1856 4400 
1839 1836 1847 4410 
1843 1833 1857 4420 
1841 1836 1857 4430 
1842 1835 1857 4440 
1840 1833 1854 4450 
1842 1835 1855 4460 
1841 1832 1853 4470 
1841 1838 1856 4480 
1841 1836 1853 4490 
1843 1833 1858 4500 
1843 1839 1856 4510 
1843 1831 1853 4520 
1842 1837 1854 4530 
1844 1837 1854 4540 
1845 1837 1856 4550 
1844 1837 1852 4560 
1843 1833 1854 4570 
1844 1834 1856 4580 
1842 1835 1856 4590 
1840 1836 1855 4600 
1838 1833 1850 4610 
1838 1835 1852 4620 
1843 1837 1858 4630 
1846 1836 1858 4640 
1843 1833 1851 4650 
1844 1832 1858 4660 
1841 1829 1851 4670 
1841 1834 1855 4680 
1840 1836 1854 4690 
1841 1838 1858 4700 
1840 1833 1850 4710 
1842 1834 1854 4720 
1843 1837 1857 4730 
1839 1838 1852 4740 
1841 1839 1853 4750 
1842 1839 1855 4760 
1844 1838 1856 4770 
1842 1836 1852 4780 
1844 1831 1853 4790 
1837 1837 1848 4800 
1842 1836 1855 4810 
1843 1836 1855 4820 
1843 1838 1856 4830 
1840 1833 1851 4840 
1845 1836 1855 4850 
1842 1832 1854 4860 
1841 1835 1855 4870 
1842 1836 1855 4880 
1843 1833 1856 4890 
1843 1835 1856 4900 
1845 1837 1860 4910 
1840 1837 1852 4920 
1842 1836 1852 4930 
1843 1836 1857 4940 
1841 1837 1854 4950 
1839 1836 1849 4960 
1840 1836 1849 4970 
1838 1837 1850 4980 
1844 1839 1858 4990 
1842 1839 1857 5000 
1841 1838 1853 5010 
1843 1833 1855 5020 
1838 1837 1848 5030 
1843 1833 1853 5040 
1842 1836 1855 5050 
1842 1839 1859 5060 
1839 1838 1852 5070 
1842 1837 1856 5080 
1843 1837 1855 5090 
1837 1835 1846 5100 
1841 1837 1854 5110 
1844 1836 1856 5120 
1842 1837 1855 5130 
1844 1833 1854 5140 
1844 1839 1860 5150 
1841 1837 1850 5160 
1842 1838 1854 5170 
1842 1833 1853 5180 
1842 1839 1855 5190 
1844 1837 1856 5200 
1844 1832 1855 5210 
1843 1832 1858 5220 
1840 1834 1851 5230 
1840 1837 1855 5240 
1840 1834 1850 5250 
1837 1836 1853 5260 
1842 1834 1852 5270 
1843 1834 1849 5280 
1842 1835 1855 5290 
1842 1838 1855 5300 
1841 1832 1852 5310 
1841 1838 1857 5320 
1841 1839 1854 5330 
1841 1834 1850 5340 
1844 1833 1855 5350 
1844 1835 1852 5360 
1838 1835 1846 5370 
1843 1836 1855 5380 
1839 1836 1852 5390 
1841 1838 1850 5400 
1838 1838 1848 5410 
1844 1836 1855 5420 
1842 1839 1856 5430 
1843 1839 1858 5440 
1840 1834 1851 5450 
1844 1837 1854 5460 
1842 1833 1850 5470 
1842 1837 1854 5480 
1841 1835 1849 5490 
1842 1839 1855 5500 
1843 1836 1857 5510 
1845 1839 1862 5520 
1840 1836 1855 5530 
1840 1838 1854 5540 
1843 1838 1855 5550 
1841 1837 1854 5560 
1842 1833 1848 5570 
1842 1838 1856 5580 
1841 1839 1856 5590 
1842 1838 1857 5600 
1838 1838 1849 5610 
1844 1840 1847 5620 
1841 1835 1850 5630 
1843 1831 1853 5640 
1843 1838 1857 5650 
1843 1839 1858 5660 
1843 1834 1852 5670 
1843 1837 1856 5680 
1841 1838 1855 5690 
1841 1835 1855 5700 
1841 1837 1855 5710 
1841 1839 1854 5720 
1843 1834 1857 5730 
1843 1837 1855 5740 
1843 1834 1856 5750 
1842 1833 1855 5760 
1843 1838 1857 5770 
1845 1840 1859 5780 
1838 1836 1847 5790 
1846 1836 1856 5800 
1840 1836 1856 5810 
1843 1835 1857 5820 
1839 1835 1853 5830 
1841 1835 1853 5840 
1839 1835 1853 5850 
1842 1833 1858 5860 
1840 1838 1855 5870 
1843 1833 1859 5880 
1840 1839 1854 5890 
1845 1837 1858 5900 
1840 1838 1853 5910 
1844 1835 1855 5920 
1844 1839 1857 5930 
1845 1839 1857 5940 
1843 1836 1855 5950 
1845 1836 1856 5960 
1841 1836 1853 5970 
1844 1837 1859 5980 
1842 1831 1855 5990 
1837 1836 1851 6000 
1841 1837 1856 6010 
1841 1836 1853 6020 
1841 1831 1855 6030 
1844 1838 1854 6040 
1843 1834 1855 6050 
1843 1836 1853 6060 
1844 1835 1856 6070 
1843 1836 1855 6080 
1843 1836 1855 6090 
1843 1835 1851 6100 
1843 1833 1853 6110 
1843 1836 1856 6120 
1838 1837 1849 6130 
1840 1837 1851 6140 
1838 1837 1849 6150 
1844 1837 1859 6160 
1845 1838 1860 6170 
1841 1839 1856 6180 
1843 1826 1835 6190 
1893 1785 1740 6200 
2016 1841 1828 6210 
1674 1915 1871 6220 
1389 1735 1540 6230 
2040 1846 1976 6240 
1938 1876 1961 6250 
1733 1743 1641 6260 
2020 1905 2018 6270 
1800 1814 1791 6280 
1920 1807 1857 6290 
1863 1859 1906 6300 
1796 1813 1780 6310 
1898 1872 1929 6320 
1784 1831 1813 6330 
1860 1849 1870 6340 
1821 1851 1857 6350 
1832 1827 1823 6360 
1867 1859 1893 6370 
1810 1831 1833 6380 
1870 1842 1882 6390 
1826 1843 1845 6400 
1848 1835 1850 6410 
1852 1850 1870 6420 
1831 1832 1843 6430 
1859 1843 1872 6440 
1833 1834 1849 6450 
1845 1836 1854 6460 
1844 1844 1856 6470 
1834 1833 1840 6480 
1849 1837 1863 6490 
1831 1831 1846 6500 
1845 1837 1859 6510 
1839 1837 1856 6520 
1842 1837 1855 6530 
1848 1841 1861 6540 
1839 1836 1850 6550 
1845 1833 1854 6560 
1841 1839 1854 6570 
1843 1836 1852 6580 
1842 1839 1856 6590 
1835 1835 1846 6600 
1841 1834 1856 6610 
1843 1836 1858 6620 
1844 1836 1857 6630 
1842 1835 1856 6640 
1842 1838 1856 6650 
1838 1837 1849 6660 
1840 1840 1855 6670 
1844 1837 1855 6680 
1842 1840 1857 6690 
1841 1838 1856 6700 
1843 1840 1852 6710 
1840 1837 1851 6720 
1846 1836 1858 6730 
1842 1836 1854 6740 
1843 1837 1856 6750 
1840 1840 1856 6760 
1842 1836 1857 6770 
1841 1840 1857 6780 
1842 1836 1854 6790 
1844 1837 1855 6800 
1843 1839 1857 6810 
1842 1837 1853 6820 
1847 1840 1858 6830 
1846 1836 1851 6840 
1840 1834 1851 6850 
1831 1832 1850 6860 
1839 1838 1855 6870 
1846 1841 1857 6880 
1842 1838 1855 6890 
1841 1838 1853 6900 
1842 1837 1853 6910 
1842 1833 1854 6920 
1842 1837 1854 6930 
1841 1839 1854 6940 
1844 1839 1857 6950 
1841 1838 1859 6960 
1842 1841 1855 6970 
1841 1839 1853 6980 
1846 1835 1859 6990 
1842 1833 1853 7000 
1840 1834 1856 7010 
1840 1836 1856 7020 
1841 1839 1858 7030 
1842 1838 1850 7040 
1846 1838 1854 7050 
1833 1834 1849 7060 
1837 1836 1856 7070 
1848 1838 1855 7080 
1843 1837 1855 7090 
1839 1836 1849 7100 
1846 1837 1848 7110 
1853 1839 1861 7120 
1851 1838 1859 7130 
1824 1835 1846 7140 
1827 1837 1854 7150 
1855 1841 1865 7160 
1842 1834 1853 7170 
1832 1831 1845 7180 
1848 1838 1863 7190 
1842 1833 1851 7200 
1843 1839 1858 7210 
1843 1837 1856 7220 
1844 1834 1855 7230 
1838 1837 1849 7240 
1844 1840 1859 7250 
1843 1834 1851 7260 
1842 1837 1854 7270 
1842 1839 1853 7280 
1845 1837 1855 7290 
1841 1838 1855 7300 
1847 1838 1857 7310 
1839 1835 1852 7320 
1837 1836 1848 7330 
1842 1832 1857 7340 
1842 1834 1856 7350 
1843 1836 1857 7360 
1846 1840 1862 7370 
1847 1838 1856 7380 
1845 1834 1856 7390 
1834 1834 1852 7400 
1843 1839 1859 7410 
1849 1839 1857 7420 
1835 1837 1852 7430 
1833 1839 1858 7440 
1839 1836 1860 7450 
1848 1838 1854 7460 
1849 1840 1854 7470 
1841 1831 1852 7480 
1845 1837 1853 7490 
1846 1841 1861 7500 
1844 1839 1852 7510 
1834 1832 1849 7520 
1836 1837 1862 7530 
1848 1838 1859 7540 
1844 1837 1854 7550 
1844 1838 1860 7560 
1843 1837 1853 7570 
1843 1837 1859 7580 
1846 1838 1860 7590 
1840 1832 1851 7600 
1844 1841 1858 7610 
1844 1835 1855 7620 
1842 1838 1855 7630 
1845 1838 1859 7640 
1840 1835 1851 7650 
1840 1838 1852 7660 
1839 1835 1852 7670 
1840 1836 1853 7680 
1844 1836 1858 7690 
1838 1837 1851 7700 
1846 1838 1856 7710 
1840 1841 1855 7720 
1846 1837 1854 7730 
1845 1836 1858 7740 
1831 1837 1847 7750 
1836 1840 1856 7760 
1849 1844 1860 7770 
1844 1836 1854 7780 
1840 1838 1855 7790 
1841 1834 1855 7800 
1838 1838 1851 7810 
1846 1837 1859 7820 
1843 1833 1853 7830 
1845 1837 1859 7840 
1842 1838 1856 7850 
1844 1834 1856 7860 
1843 1838 1858 7870 
1842 1836 1858 7880 
1845 1839 1856 7890 
1839 1836 1852 7900 
1843 1838 1859 7910 
1840 1838 1852 7920 
1840 1839 1854 7930 
1842 1839 1854 7940 
1844 1842 1858 7950 
1843 1839 1854 7960 
1846 1834 1855 7970 
1840 1837 1859 7980 
1838 1839 1857 7990 
1840 1833 1851 8000 
1840 1836 1855 8010 
1844 1838 1858 8020 
1844 1839 1861 8030 
1835 1839 1853 8040 
1843 1838 1858 8050 
1842 1838 1856 8060 
1842 1836 1855 8070 
1840 1841 1854 8080 
1841 1838 1855 8090 
1839 1838 1852 8100 
1842 1840 1856 8110 
1844 1836 1856 8120 
1842 1840 1854 8130 
1843 1840 1855 8140 
1842 1840 1855 8150 
1840 1838 1853 8160 
1845 1834 1850 8170 
1842 1838 1858 8180 
1844 1835 1858 8190 
1842 1837 1852 8200 
1838 1838 1854 8210 
1836 1836 1848 8220 
1843 1839 1861 8230 
1841 1834 1852 8240 
1842 1836 1855 8250 
1840 1836 1854 8260 
1843 1836 1853 8270 
1840 1838 1852 8280 
1842 1839 1857 8290 
1841 1839 1855 8300 
1845 1839 1859 8310 
1842 1838 1857 8320 
1843 1835 1852 8330 
1842 1838 1855 8340 
1844 1836 1854 8350 
1842 1838 1857 8360 
1841 1839 1858 8370 
1842 1834 1857 8380 
1845 1837 1857 8390 
1844 1835 1856 8400 
1844 1838 1855 8410 
1843 1839 1856 8420 
1842 1840 1855 8430 
1842 1839 1859 8440 
1845 1840 1861 8450 
1843 1837 1856 8460 
1838 1838 1857 8470 
1841 1832 1853 8480 
1840 1836 1853 8490 
1841 1835 1851 8500 
1843 1836 1857 8510 
1840 1839 1852 8520 
1843 1841 1856 8530 
1843 1833 1853 8540 
1845 1839 1852 8550 
1846 1839 1863 8560 
1844 1838 1855 8570 
1842 1837 1846 8580 
1839 1835 1845 8590 
1831 1839 1850 8600 
1832 1839 1851 8610 
1839 1839 1860 8620 
1841 1834 1860 8630 
1842 1836 1856 8640 
1846 1835 1855 8650 
1849 1834 1857 8660 
1847 1838 1857 8670 
1847 1838 1861 8680 
1847 1836 1859 8690 
1843 1832 1854 8700 
1842 1840 1853 8710 
1840 1832 1852 8720 
1839 1835 1853 8730 
1839 1832 1852 8740 
1840 1832 1853 8750 
1842 1832 1855 8760 
1845 1840 1860 8770 
1843 1832 1853 8780 
1843 1837 1854 8790 
1841 1835 1852 8800 
1843 1836 1856 8810 
1839 1840 1856 8820 
1840 1838 1853 8830 
1843 1841 1855 8840 
1843 1840 1857 8850 
1839 1837 1847 8860 
1842 1838 1853 8870 
1840 1844 1852 8880 
1842 1835 1855 8890 
1842 1839 1856 8900 
1846 1837 1858 8910 
1843 1838 1858 8920 
1839 1838 1848 8930 
1840 1839 1853 8940 
1840 1835 1852 8950 
1844 1836 1859 8960 
1846 1838 1861 8970 
1841 1838 1854 8980 
1843 1834 1857 8990 
1842 1840 1855 9000 
1844 1836 1858 9010 
1841 1837 1850 9020 
1844 1834 1856 9030 
1842 1837 1852 9040 
1842 1837 1856 9050 
1842 1838 1859 9060 
1843 1834 1858 9070 
1841 1836 1852 9080 
1843 1836 1856 9090 
1837 1838 1850 9100 
1838 1837 1851 9110 
1842 1839 1859 9120 
1843 1837 1857 9130 
1842 1838 1855 9140 
1845 1841 1849 9150 
1844 1837 1854 9160 
1844 1833 1853 9170 
1843 1837 1856 9180 
1840 1836 1852 9190 
1841 1836 1854 9200 
1842 1841 1856 9210 
1841 1835 1856 9220 
1843 1841 1848 9230 
1843 1832 1855 9240 
1845 1839 1859 9250 
1843 1838 1852 9260 
1848 1836 1858 9270 
1844 1839 1853 9280 
1841 1838 1855 9290 
1841 1832 1853 9300 
1843 1837 1859 9310 
1843 1835 1852 9320 
1839 1837 1851 9330 
1830 1840 1852 9340 
1833 1843 1857 9350 
1835 1842 1854 9360 
1842 1844 1861 9370 
1844 1843 1861 9380 
1849 1840 1860 9390 
1842 1840 1851 9400 
1846 1835 1858 9410 
1844 1838 1855 9420 
1847 1840 1861 9430 
1842 1832 1853 9440 
1843 1837 1855 9450 
1847 1839 1861 9460 
1845 1840 1858 9470 
1843 1838 1856 9480 
1844 1840 1852 9490 
1839 1837 1850 9500 
1841 1837 1852 9510 
1840 1838 1851 9520 
1842 1839 1859 9530 
1840 1839 1851 9540 
1844 1841 1860 9550 
1840 1836 1852 9560 
1844 1839 1856 9570 
1840 1840 1856 9580 
1836 1838 1849 9590 
1837 1837 1852 9600 
1841 1840 1857 9610 
1843 1836 1858 9620 
1841 1838 1852 9630 
1845 1838 1860 9640 
1843 1841 1854 9650 
1841 1840 1855 9660 
1843 1838 1858 9670 
1841 1839 1854 9680 
1842 1838 1857 9690 
1842 1841 1858 9700 
1844 1838 1859 9710 
1844 1835 1856 9720 
1848 1838 1858 9730 
1838 1838 1852 9740 
1841 1840 1852 9750 
1841 1839 1851 9760 
1841 1836 1853 9770 
1845 1837 1859 9780 
1843 1840 1858 9790 
1842 1840 1858 9800 
1841 1841 1852 9810 
1838 1838 1849 9820 
1845 1837 1857 9830 
1843 1838 1858 9840 
1841 1838 1851 9850 
1842 1838 1852 9860 
1844 1838 1859 9870 
1841 1838 1858 9880 
1841 1839 1855 9890 
1840 1838 1854 9900 
1844 1836 1857 9910 
1843 1840 1858 9920 
1841 1840 1853 9930 
1845 1835 1855 9940 
1845 1837 1856 9950 
1838 1837 1851 9960 
1842 1838 1860 9970 
1838 1834 1852 9980 
1840 1838 1856 9990 
1844 1837 1856 10000 
1843 1833 1854 10010 
1846 1836 1860 10020 
1845 1840 1850 10030 
1843 1832 1854 10040 
1844 1836 1857 10050 
1843 1837 1857 10060 
1843 1838 1857 10070 
1837 1838 1852 10080 
1843 1842 1858 10090 
1841 1837 1854 10100 
1843 1836 1857 10110 
1841 1839 1856 10120 
1840 1839 1853 10130 
1843 1839 1855 10140 
1843 1836 1854 10150 
1843 1837 1853 10160 
1844 1835 1853 10170 
1842 1837 1857 10180 
1841 1841 1851 10190 
1838 1839 1855 10200 
1839 1840 1861 10210 
1841 1837 1860 10220 
1839 1834 1856 10230 
1840 1840 1856 10240 
1839 1838 1850 10250 
1844 1835 1852 10260 
1846 1839 1855 10270 
1845 1840 1857 10280 
1842 1839 1853 10290 
1843 1838 1854 10300 
1843 1841 1856 10310 
1839 1838 1850 10320 
1845 1841 1862 10330 
1843 1839 1857 10340 
1845 1838 1853 10350 
1842 1837 1855 10360 
1844 1836 1858 10370 
1841 1838 1857 10380 
1839 1840 1857 10390 
1840 1835 1852 10400 
1844 1839 1857 10410 
1842 1839 1859 10420 
1842 1831 1854 10430 
1843 1835 1854 10440 
1845 1839 1857 10450 
1844 1838 1860 10460 
1845 1839 1855 10470 
1843 1836 1856 10480 
1839 1837 1853 10490 
1843 1834 1855 10500 
1840 1838 1852 10510 
1843 1840 1859 10520 
1841 1838 1856 10530 
1837 1837 1851 10540 
1844 1839 1855 10550 
1845 1837 1856 10560 
1841 1838 1855 10570 
1838 1837 1852 10580 
1845 1835 1858 10590 
1843 1838 1856 10600 
1844 1836 1859 10610 
1842 1833 1851 10620 
1846 1840 1854 10630 
1842 1836 1852 10640 
1844 1835 1856 10650 
1844 1834 1855 10660 
1838 1838 1850 10670 
1843 1835 1853 10680 
1842 1841 1855 10690 
1837 1837 1849 10700 
1843 1838 1858 10710 
1842 1838 1859 10720 
1844 1838 1860 10730 
1839 1837 1852 10740 
1842 1839 1856 10750 
1845 1837 1860 10760 
1846 1837 1860 10770 
1846 1839 1860 10780 
1846 1838 1854 10790 
1842 1834 1853 10800 
1846 1840 1861 10810 
1842 1839 1855 10820 
1842 1833 1853 10830 
1841 1840 1857 10840 
1841 1839 1853 10850 
1843 1835 1857 10860 
1842 1837 1858 10870 
1843 1837 1858 10880 
1845 1840 1862 10890 
1842 1837 1855 10900 
1842 1834 1853 10910 
1838 1837 1849 10920 
1844 1837 1858 10930 
1840 1838 1852 10940 
1843 1840 1851 10950 
1843 1836 1857 10960 
1844 1834 1857 10970 
1842 1839 1856 10980 
1840 1839 1851 10990 
1843 1837 1854 11000 
1842 1838 1854 11010 
1843 1839 1857 11020 
1846 1838 1858 11030 
1840 1837 1852 11040 
1841 1833 1854 11050 
1843 1837 1856 11060 
1843 1836 1857 11070 
1844 1832 1855 11080 
1841 1841 1857 11090 
1842 1839 1858 11100 
1842 1839 1858 11110 
1840 1840 1859 11120 
1842 1840 1859 11130 
1843 1839 1858 11140 
1839 1838 1850 11150 
1843 1835 1855 11160 
1844 1836 1853 11170 
1843 1831 1855 11180 
1843 1840 1854 11190 
1845 1835 1859 11200 
1840 1838 1852 11210 
1843 1840 1856 11220 
1845 1835 1856 11230 
1844 1839 1857 11240 
1846 1840 1861 11250 
1843 1834 1854 11260 
1840 1838 1853 11270 
1841 1835 1856 11280 
1840 1835 1854 11290 
1838 1837 1848 11300 
1840 1838 1855 11310 
1841 1838 1853 11320 
1846 1840 1861 11330 
1842 1838 1856 11340 
1842 1839 1852 11350 
1843 1838 1855 11360 
1844 1837 1858 11370 
1840 1839 1855 11380 
1839 1837 1854 11390 
1843 1837 1858 11400 
1843 1839 1857 11410 
1844 1839 1856 11420 
1842 1839 1855 11430 
1844 1838 1861 11440 
1843 1835 1855 11450 
1847 1839 1857 11460 
1841 1836 1853 11470 
1842 1840 1857 11480 
1843 1836 1857 11490 
1840 1839 1854 11500 
1842 1839 1857 11510 
1841 1840 1853 11520 
1841 1835 1851 11530 
1843 1841 1851 11540 
1842 1838 1857 11550 
1842 1841 1858 11560 
1838 1839 1852 11570 
1840 1837 1852 11580 
1837 1838 1851 11590 
1842 1839 1854 11600 
1843 1838 1857 11610 
1845 1836 1862 11620 
1844 1838 1860 11630 
1844 1839 1858 11640 
1841 1839 1855 11650 
1842 1833 1857 11660 
1842 1838 1856 11670 
1843 1836 1855 11680 
1842 1838 1856 11690 
1845 1836 1860 11700 
1841 1833 1853 11710 
1844 1837 1858 11720 
1841 1836 1853 11730 
1839 1838 1853 11740 
1844 1836 1859 11750 
1844 1836 1856 11760 
1841 1837 1854 11770 
1843 1834 1859 11780 
1842 1835 1852 11790 
1842 1834 1854 11800 
1839 1838 1852 11810 
1841 1837 1854 11820 
1842 1840 1857 11830 
1844 1840 1859 11840 
1842 1838 1854 11850 
1844 1841 1853 11860 
1843 1840 1858 11870 
1843 1838 1856 11880 
1843 1838 1855 11890 
1843 1838 1859 11900 
1838 1839 1852 11910 
1843 1839 1861 11920 
1840 1838 1855 11930 
1844 1840 1856 11940 
1842 1837 1854 11950 
1844 1840 1858 11960 
1842 1838 1854 11970 
1844 1837 1857 11980 
1846 1838 1858 11990 
1845 1839 1860 12000 
1842 1836 1851 12010 
1843 1842 1859 12020 
1843 1840 1859 12030 
1842 1840 1857 12040 
1844 1842 1852 12050 
1841 1839 1855 12060 
1843 1837 1856 12070 
1842 1839 1858 12080 
1841 1835 1859 12090 
1840 1837 1855 12100 
1841 1838 1854 12110 
1840 1835 1852 12120 
1844 1839 1853 12130 
1843 1835 1849 12140 
1846 1839 1861 12150 
1845 1834 1856 12160 
1843 1838 1856 12170 
1845 1835 1856 12180 
1842 1840 1854 12190 
1842 1836 1854 12200 
1842 1838 1855 12210 
1842 1839 1857 12220 
1842 1839 1858 12230 
1841 1833 1854 12240 
1841 1837 1853 12250 
1841 1840 1858 12260 
1844 1835 1857 12270 
1843 1833 1857 12280 
1843 1836 1856 12290 
1842 1836 1855 12300 
1839 1838 1849 12310 
1842 1839 1856 12320 
1844 1836 1856 12330 
1843 1837 1855 12340 
1843 1839 1853 12350 
1842 1838 1856 12360 
1841 1838 1856 12370 
1842 1834 1854 12380 
1843 1835 1853 12390 
1838 1838 1852 12400 
1839 1838 1854 12410 
1842 1840 1858 12420 
1845 1837 1858 12430 
1844 1837 1857 12440 
1843 1839 1857 12450 
1843 1835 1854 12460 
1845 1839 1861 12470 
1841 1833 1857 12480 
1839 1839 1853 12490 
1844 1839 1861 12500 
1840 1832 1853 12510 
1844 1835 1857 12520 
1843 1834 1856 12530 
1845 1837 1860 12540 
1843 1834 1855 12550 
1842 1838 1854 12560 
1844 1838 1857 12570 
1844 1839 1853 12580 
1843 1842 1855 12590 
1841 1839 1858 12600 
1844 1840 1859 12610 
1840 1840 1853 12620 
1840 1838 1853 12630 
1842 1832 1854 12640 
1842 1832 1854 12650 
1842 1837 1853 12660 
1844 1835 1857 12670 
1843 1839 1856 12680 
1844 1836 1858 12690 
1839 1839 1853 12700 
1840 1839 1851 12710 
1840 1840 1855 12720 
1845 1837 1857 12730 
1843 1837 1854 12740 
1839 1839 1850 12750 
1847 1840 1858 12760 
1839 1839 1851 12770 
1845 1840 1861 12780 
1845 1838 1859 12790 
1836 1837 1851 12800 
1844 1840 1859 12810 
1845 1839 1859 12820 
1839 1840 1852 12830 
1839 1839 1858 12840 
1843 1837 1857 12850 
1843 1838 1857 12860 
1844 1836 1857 12870 
1841 1834 1853 12880 
1841 1839 1854 12890 
1842 1840 1856 12900 
1843 1840 1859 12910 
1841 1840 1851 12920 
1839 1838 1854 12930 
1845 1838 1859 12940 
1845 1836 1857 12950 
1845 1835 1856 12960 
1842 1835 1857 12970 
1842 1836 1851 12980 
1841 1835 1852 12990 
1843 1840 1852 13000 
1837 1839 1850 13010 
1844 1838 1858 13020 
1843 1834 1857 13030 
1844 1841 1860 13040 
1845 1837 1857 13050 
1845 1837 1858 13060 
1844 1835 1853 13070 
1846 1840 1861 13080 
1839 1839 1851 13090 
1839 1839 1857 13100 
1843 1837 1856 13110 
1841 1833 1854 13120 
1842 1836 1851 13130 
1841 1838 1856 13140 
1841 1835 1854 13150 
1844 1837 1857 13160 
1841 1835 1852 13170 
1843 1838 1856 13180 
1843 1835 1857 13190 
1843 1841 1859 13200 
1838 1839 1851 13210 
1844 1839 1860 13220 
1843 1840 1856 13230 
1844 1843 1859 13240 
1845 1838 1857 13250 
1844 1839 1856 13260 
1840 1836 1851 13270 
1846 1840 1859 13280 
1842 1834 1852 13290 
1842 1833 1854 13300 
1841 1839 1855 13310 
1842 1837 1854 13320 
1843 1840 1858 13330 
1843 1833 1860 13340 
1839 1839 1851 13350 
1842 1841 1857 13360 
1840 1840 1853 13370 
1845 1839 1859 13380 
1844 1837 1858 13390 
1844 1840 1859 13400 
1842 1835 1853 13410 
1843 1840 1854 13420 
1839 1839 1852 13430 
1844 1836 1859 13440 
1846 1838 1860 13450 
1843 1838 1858 13460 
1842 1836 1855 13470 
1843 1837 1854 13480 
1842 1835 1855 13490 
1843 1836 1857 13500 
1844 1838 1860 13510 
1842 1837 1855 13520 
1843 1835 1851 13530 
1845 1839 1862 13540 
1844 1836 1857 13550 
1844 1836 1857 13560 
1840 1839 1854 13570 
1840 1839 1854 13580 
1844 1839 1859 13590 
1840 1839 1854 13600 
1841 1837 1853 13610 
1843 1840 1858 13620 
1842 1835 1857 13630 
1840 1840 1851 13640 
1842 1841 1856 13650 
1843 1841 1858 13660 
1844 1836 1857 13670 
1841 1834 1853 13680 
1842 1839 1853 13690 
1842 1840 1854 13700 
1846 1839 1861 13710 
1843 1840 1853 13720 
1842 1838 1857 13730 
1842 1839 1856 13740 
1844 1838 1859 13750 
1842 1834 1855 13760 
1840 1839 1853 13770 
1839 1840 1850 13780 
1842 1840 1857 13790 
1842 1836 1859 13800 
1841 1836 1853 13810 
1841 1833 1855 13820 
1843 1837 1858 13830 
1842 1836 1854 13840 
1843 1835 1854 13850 
1841 1840 1853 13860 
1840 1836 1852 13870 
1844 1836 1857 13880 
1841 1839 1853 13890 
1837 1839 1848 13900 
1842 1836 1856 13910 
1842 1839 1857 13920 
1844 1836 1858 13930 
1841 1841 1852 13940 
1844 1839 1860 13950 
1845 1842 1851 13960 
1842 1835 1852 13970 
1843 1838 1853 13980 
1844 1837 1857 13990 
1843 1835 1856 14000 
1842 1837 1853 14010 
1845 1837 1859 14020 
1838 1839 1853 14030 
1843 1842 1851 14040 
1843 1838 1857 14050 
1840 1840 1854 14060 
1841 1838 1855 14070 
1844 1836 1856 14080 
1842 1838 1856 14090 
1841 1840 1854 14100 
1842 1838 1855 14110 
1844 1836 1855 14120 
1842 1833 1853 14130 
1843 1837 1855 14140 
1844 1841 1862 14150 
1843 1840 1859 14160 
1837 1837 1848 14170 
1846 1836 1859 14180 
1842 1838 1857 14190 
1838 1838 1851 14200 
1842 1833 1853 14210 
1841 1836 1853 14220 
1842 1839 1856 14230 
1844 1837 1858 14240 
1842 1841 1857 14250 
1844 1834 1859 14260 
1844 1837 1856 14270 
1842 1839 1856 14280 
1845 1838 1860 14290 
1840 1839 1854 14300 
1840 1839 1851 14310 
1845 1841 1861 14320 
1844 1834 1855 14330 
1841 1840 1853 14340 
1843 1837 1855 14350 
1843 1840 1859 14360 
1842 1838 1858 14370 
1841 1839 1856 14380 
1844 1838 1858 14390 
1843 1839 1857 14400 
1842 1834 1852 14410 
1842 1842 1852 14420 
1843 1841 1859 14430 
1838 1840 1850 14440 
1842 1838 1853 14450 
1840 1838 1851 14460 
1841 1838 1852 14470 
1843 1834 1855 14480 
1842 1839 1857 14490 
1845 1841 1849 14500 
1845 1837 1859 14510 
1840 1839 1852 14520 
1840 1840 1858 14530 
1843 1836 1852 14540 
1844 1841 1859 14550 
1841 1840 1853 14560 
1842 1833 1854 14570 
1842 1836 1857 14580 
1843 1842 1860 14590 
1840 1838 1853 14600 
1838 1838 1854 14610 
1843 1840 1857 14620 
1845 1838 1858 14630 
1842 1834 1852 14640 
1842 1841 1852 14650 
1843 1835 1849 14660 
1842 1839 1856 14670 
1844 1837 1858 14680 
1842 1834 1853 14690 
1839 1839 1852 14700 
1842 1834 1855 14710 
1839 1836 1848 14720 
1844 1839 1857 14730 
1845 1839 1859 14740 
1845 1836 1858 14750 
1845 1839 1860 14760 
1844 1840 1857 14770 
1842 1835 1855 14780 
1844 1835 1857 14790 
1839 1838 1850 14800 
1844 1836 1857 14810 
1838 1837 1847 14820 
1843 1838 1858 14830 
1841 1834 1852 14840 
1841 1839 1851 14850 
1842 1837 1853 14860 
1845 1839 1860 14870 
1843 1834 1855 14880 
1845 1841 1853 14890 
1845 1836 1858 14900 
1845 1839 1860 14910 
1844 1838 1857 14920 
1842 1841 1857 14930 
1841 1836 1853 14940 
1842 1840 1856 14950 
1844 1838 1858 14960 
1843 1841 1853 14970 
1842 1840 1858 14980 
1840 1838 1849 14990 
1841 1839 1856 15000 
1844 1838 1861 15010 
1844 1837 1860 15020 
1844 1840 1859 15030 
1844 1839 1860 15040 
1845 1834 1860 15050 
1844 1838 1857 15060 
1845 1837 1860 15070 
1845 1838 1859 15080 
1845 1838 1856 15090 
1844 1839 1857 15100 
1843 1839 1855 15110 
1843 1838 1859 15120 
1846 1839 1862 15130 
1841 1840 1856 15140 
1841 1839 1853 15150 
1843 1841 1858 15160 
1842 1837 1854 15170 
1845 1838 1858 15180 
1844 1839 1859 15190 
1844 1838 1858 15200 
1844 1838 1859 15210 
1843 1834 1855 15220 
1841 1838 1851 15230 
1844 1836 1851 15240 
1839 1840 1849 15250 
1843 1841 1860 15260 
1846 1840 1858 15270 
1842 1838 1857 15280 
1845 1837 1858 15290 
1843 1840 1859 15300 
1840 1840 1853 15310 
1843 1840 1852 15320 
1846 1840 1859 15330 
1843 1839 1856 15340 
1843 1836 1856 15350 
1843 1839 1859 15360 
1843 1837 1859 15370 
1843 1835 1854 15380 
1842 1834 1853 15390 
1845 1839 1861 15400 
1842 1837 1853 15410 
1841 1835 1853 15420 
1843 1839 1859 15430 
1842 1838 1856 15440 
1842 1839 1855 15450 
1841 1837 1852 15460 
1842 1835 1854 15470 
1842 1839 1853 15480 
1845 1838 1859 15490 
1845 1834 1856 15500 
1847 1840 1855 15510 
1843 1839 1857 15520 
1840 1836 1852 15530 
1840 1839 1854 15540 
1842 1833 1852 15550 
1843 1840 1857 15560 
1844 1837 1854 15570 
1844 1838 1860 15580 
1841 1841 1853 15590 
1841 1837 1853 15600 
1843 1836 1856 15610 
1844 1835 1856 15620 
1840 1840 1853 15630 
1843 1834 1860 15640 
1842 1834 1853 15650 
1842 1841 1857 15660 
1841 1838 1854 15670 
1842 1837 1856 15680 
1844 1840 1859 15690 
1844 1840 1860 15700 
1844 1836 1857 15710 
1840 1840 1853 15720 
1842 1837 1854 15730 
1840 1837 1852 15740 
1845 1838 1860 15750 
1842 1836 1852 15760 
1845 1838 1858 15770 
1843 1843 1857 15780 
1839 1839 1853 15790 
1845 1840 1855 15800 
1845 1836 1859 15810 
1843 1838 1859 15820 
1841 1838 1855 15830 
1842 1836 1851 15840 
1840 1840 1852 15850 
1844 1837 1858 15860 
1841 1837 1854 15870 
1846 1841 1855 15880 
1842 1839 1856 15890 
1842 1841 1854 15900 
1843 1840 1856 15910 
1842 1833 1854 15920 
1842 1840 1857 15930 
1842 1842 1857 15940 
1839 1840 1853 15950 
1843 1841 1852 15960 
1841 1838 1852 15970 
1842 1840 1856 15980 
1843 1841 1858 15990 
1843 1840 1859 16000 
1843 1835 1853 16010 
1845 1839 1859 16020 
1842 1838 1855 16030 
1843 1839 1857 16040 
1841 1838 1855 16050 
1844 1836 1857 16060 
1840 1835 1852 16070 
1843 1838 1858 16080 
1840 1838 1855 16090 
1841 1837 1851 16100 
1837 1838 1849 16110 
1843 1841 1854 16120 
1845 1835 1858 16130 
1846 1838 1860 16140 
1839 1837 1848 16150 
1842 1840 1858 16160 
1840 1837 1850 16170 
1844 1841 1860 16180 
1841 1835 1856 16190 
1842 1841 1859 16200 
1844 1836 1855 16210 
1845 1840 1853 16220 
1839 1840 1855 16230 
1846 1840 1861 16240 
1842 1838 1860 16250 
1840 1841 1855 16260 
1841 1837 1856 16270 
1842 1842 1857 16280 
1841 1836 1852 16290 
1844 1837 1857 16300 
1842 1839 1856 16310 
1843 1839 1857 16320 
1843 1840 1859 16330 
1843 1839 1856 16340 
1845 1833 1855 16350 
1845 1839 1860 16360 
1839 1838 1849 16370 
1844 1835 1859 16380 
1842 1840 1855 16390 
1842 1839 1855 16400 
1843 1835 1858 16410 
1844 1838 1856 16420 
1840 1840 1856 16430 
1842 1840 1857 16440 
1842 1835 1851 16450 
1844 1841 1855 16460 
1843 1837 1855 16470 
1841 1840 1855 16480 
1845 1837 1856 16490 
1842 1838 1853 16500 
1846 1840 1860 16510 
1841 1843 1854 16520 
1844 1838 1857 16530 
1844 1838 1861 16540 
1844 1839 1860 16550 
1838 1838 1850 16560 
1845 1839 1860 16570 
1839 1837 1850 16580 
1842 1841 1857 16590 
1841 1840 1854 16600 
1844 1835 1856 16610 
1840 1842 1858 16620 
1840 1836 1854 16630 
1843 1839 1862 16640 
1838 1839 1852 16650 
1841 1838 1855 16660 
1845 1840 1862 16670 
1840 1839 1850 16680 
1843 1842 1855 16690 
1840 1840 1855 16700 
1844 1835 1855 16710 
1840 1837 1852 16720 
1843 1841 1857 16730 
1841 1839 1854 16740 
1843 1842 1859 16750 
1842 1837 1856 16760 
1844 1841 1853 16770 
1840 1839 1852 16780 
1842 1840 1858 16790 
1844 1841 1860 16800 
1843 1839 1851 16810 
1843 1841 1857 16820 
1845 1844 1859 16830 
1839 1841 1852 16840 
1843 1843 1855 16850 
1841 1842 1855 16860 
1843 1840 1858 16870 
1842 1837 1853 16880 
1840 1840 1851 16890 
1844 1838 1858 16900 
1845 1837 1859 16910 
1843 1835 1857 16920 
1840 1839 1856 16930 
1841 1834 1854 16940 
1839 1838 1853 16950 
1845 1839 1859 16960 
1838 1841 1851 16970 
1844 1837 1856 16980 
1845 1841 1856 16990 
1843 1840 1854 17000 
1845 1836 1860 17010 
1838 1838 1849 17020 
1842 1838 1854 17030 
1841 1833 1854 17040 
1841 1840 1858 17050 
1840 1841 1857 17060 
1841 1841 1858 17070 
1837 1838 1848 17080 
1843 1840 1857 17090 
1842 1835 1853 17100 
1843 1836 1854 17110 
1839 1838 1849 17120 
1844 1840 1856 17130 
1845 1836 1856 17140 
1845 1838 1860 17150 
1843 1838 1857 17160 
1845 1838 1858 17170 
1842 1837 1856 17180 
1843 1837 1856 17190 
1841 1842 1854 17200 
1843 1837 1856 17210 
1843 1842 1858 17220 
1846 1840 1860 17230 
1838 1839 1848 17240 
1842 1838 1853 17250 
1843 1836 1855 17260 
1844 1839 1857 17270 
1844 1842 1855 17280 
1842 1837 1856 17290 
1844 1839 1859 17300 
1841 1836 1853 17310 
1843 1833 1853 17320 
1846 1839 1860 17330 
1846 1841 1862 17340 
1841 1836 1853 17350 
1842 1838 1861 17360 
1843 1834 1855 17370 
1843 1840 1859 17380 
1838 1838 1849 17390 
1843 1835 1855 17400 
1842 1837 1855 17410 
1843 1836 1854 17420 
1843 1837 1857 17430 
1847 1840 1855 17440 
1840 1842 1856 17450 
1843 1836 1854 17460 
1841 1837 1852 17470 
1845 1839 1861 17480 
1842 1839 1857 17490 
1843 1834 1855 17500 
1843 1839 1857 17510 
1844 1838 1861 17520 
1841 1836 1852 17530 
1840 1841 1856 17540 
1841 1836 1852 17550 
1841 1838 1852 17560 
1844 1839 1859 17570 
1844 1837 1859 17580 
1843 1835 1857 17590 
1844 1838 1858 17600 
1842 1839 1857 17610 
1843 1838 1856 17620 
1840 1841 1853 17630 
1841 1839 1854 17640 
1846 1839 1860 17650 
1844 1842 1859 17660 
1841 1837 1853 17670 
1842 1836 1858 17680 
1841 1840 1854 17690 
1842 1839 1856 17700 
1841 1837 1851 17710 
1844 1837 1855 17720 
1842 1840 1856 17730 
1845 1835 1860 17740 
1839 1840 1849 17750 
1844 1842 1858 17760 
1843 1838 1859 17770 
1841 1839 1858 17780 
1842 1842 1857 17790 
1844 1841 1860 17800 
1843 1842 1856 17810 
1844 1841 1855 17820 
1841 1836 1852 17830 
1844 1837 1857 17840 
1842 1836 1853 17850 
1844 1836 1857 17860 
1843 1836 1854 17870 
1845 1837 1859 17880 
1842 1839 1852 17890 
1846 1840 1852 17900 
1843 1841 1858 17910 
1842 1837 1855 17920 
1844 1839 1858 17930 
1843 1838 1857 17940 
1840 1840 1853 17950 
1842 1840 1856 17960 
1843 1840 1858 17970 
1844 1841 1854 17980 
1841 1834 1853 17990 
1838 1838 1851 18000 
1841 1834 1853 18010 
1842 1840 1856 18020 
1843 1836 1854 18030 
1841 1841 1853 18040 
1844 1837 1859 18050 
1845 1841 1856 18060 
1843 1835 1856 18070 
1842 1834 1853 18080 
1843 1836 1857 18090 
1841 1838 1855 18100 
1842 1837 1854 18110 
1842 1841 1858 18120 
1842 1841 1859 18130 
1845 1839 1858 18140 
1844 1837 1858 18150 
1842 1839 1855 18160 
1844 1840 1857 18170 
1840 1839 1851 18180 
1843 1841 1858 18190 
1845 1839 1861 18200 
1841 1838 1855 18210 
1839 1840 1854 18220 
1843 1843 1858 18230 
1844 1837 1856 18240 
1841 1839 1859 18250 
1844 1839 1858 18260 
1845 1839 1860 18270 
1839 1838 1849 18280 
1840 1839 1851 18290 
1843 1832 1855 18300 
1844 1841 1858 18310 
1843 1841 1857 18320 
1845 1844 1850 18330 
1843 1836 1856 18340 
1842 1838 1856 18350 
1840 1838 1849 18360 
1842 1834 1854 18370 
1843 1839 1857 18380 
1842 1840 1853 18390 
1841 1835 1853 18400 
1846 1838 1858 18410 
1840 1839 1853 18420 
1842 1835 1853 18430 
1839 1839 1855 18440 
1843 1839 1854 18450 
1843 1839 1857 18460 
1844 1838 1859 18470 
1842 1834 1853 18480 
1844 1840 1851 18490 
1843 1836 1854 18500 
1846 1842 1862 18510 
1842 1840 1857 18520 
1839 1840 1856 18530 
1842 1838 1855 18540 
1840 1840 1849 18550 
1841 1840 1852 18560 
1842 1842 1855 18570 
1845 1841 1861 18580 
1843 1841 1857 18590 
1842 1836 1854 18600 
1845 1839 1862 18610 
1844 1835 1856 18620 
1845 1838 1859 18630 
1839 1839 1853 18640 
1843 1835 1859 18650 
1843 1838 1859 18660 
1840 1838 1853 18670 
1843 1837 1853 18680 
1843 1841 1857 18690 
1843 1838 1855 18700 
1843 1838 1856 18710 
1841 1839 1857 18720 
1843 1839 1857 18730 
1839 1838 1853 18740 
1841 1836 1851 18750 
1844 1836 1857 18760 
1838 1838 1855 18770 
1840 1838 1855 18780 
1843 1839 1857 18790 
1844 1834 1856 18800 
1844 1836 1857 18810 
1845 1843 1848 18820 
1846 1836 1858 18830 
1843 1834 1855 18840 
1843 1841 1856 18850 
1839 1841 1852 18860 
1845 1839 1857 18870 
1843 1836 1855 18880 
1844 1841 1857 18890 
1844 1842 1854 18900 
1845 1838 1857 18910 
1845 1840 1861 18920 
1845 1837 1859 18930 
1846 1841 1861 18940 
1844 1837 1861 18950 
1845 1841 1860 18960 
1845 1838 1859 18970 
1845 1842 1850 18980 
1843 1841 1859 18990 
1839 1839 1851 19000 
1844 1838 1860 19010 
1838 1839 1855 19020 
1842 1841 1858 19030 
1845 1839 1859 19040 
1843 1836 1858 19050 
1846 1841 1859 19060 
1843 1840 1859 19070 
1845 1836 1858 19080 
1844 1836 1856 19090 
1844 1836 1851 19100 
1843 1841 1857 19110 
1843 1834 1856 19120 
1845 1836 1856 19130 
1846 1841 1853 19140 
1841 1839 1858 19150 
1843 1836 1857 19160 
1839 1840 1852 19170 
1845 1837 1858 19180 
1842 1841 1857 19190 
1845 1838 1858 19200 
1840 1841 1854 19210 
1847 1842 1855 19220 
1844 1839 1856 19230 
1841 1840 1854 19240 
1843 1842 1858 19250 
1844 1840 1858 19260 
1839 1842 1856 19270 
1843 1838 1857 19280 
1843 1842 1860 19290 
1839 1842 1852 19300 
1843 1837 1860 19310 
1843 1838 1860 19320 
1844 1842 1858 19330 
1839 1838 1850 19340 
1842 1834 1854 19350 
1842 1839 1852 19360 
1847 1841 1863 19370 
1842 1837 1855 19380 
1846 1841 1859 19390 
1842 1839 1853 19400 
1842 1837 1853 19410 
1840 1840 1856 19420 
1841 1840 1853 19430 
1842 1840 1859 19440 
1844 1838 1856 19450 
1843 1839 1855 19460 
1845 1836 1858 19470 
1841 1836 1852 19480 
1843 1839 1858 19490 
1842 1839 1855 19500 
1842 1833 1855 19510 
1838 1838 1850 19520 
1844 1841 1857 19530 
1843 1837 1857 19540 
1845 1843 1852 19550 
1844 1838 1859 19560 
1845 1837 1858 19570 
1840 1841 1851 19580 
1843 1842 1857 19590 
1844 1842 1860 19600 
1845 1842 1862 19610 
1845 1839 1860 19620 
1843 1839 1858 19630 
1841 1835 1853 19640 
1846 1840 1861 19650 
1842 1839 1857 19660 
1845 1838 1860 19670 
1843 1839 1859 19680 
1844 1837 1856 19690 
1839 1840 1850 19700 
1846 1836 1860 19710 
1845 1840 1861 19720 
1845 1839 1861 19730 
1840 1840 1852 19740 
1843 1840 1859 19750 
1842 1839 1856 19760 
1846 1838 1860 19770 
1838 1838 1848 19780 
1843 1841 1857 19790 
1842 1834 1856 19800 
1844 1840 1858 19810 
1844 1837 1854 19820 
1843 1843 1858 19830 
1846 1838 1859 19840 
1840 1839 1853 19850 
1846 1838 1857 19860 
1845 1837 1859 19870 
1842 1837 1853 19880 
1842 1840 1853 19890 
1841 1839 1853 19900 
1843 1836 1855 19910 
1845 1842 1862 19920 
1844 1840 1859 19930 
1841 1841 1855 19940 
1841 1835 1852 19950 
1845 1837 1858 19960 
1842 1840 1857 19970 
1844 1840 1858 19980 
1843 1839 1857 19990 
1846 1839 1856 20000 
1842 1841 1857 20010 
1846 1840 1854 20020 
1844 1835 1855 20030 
1843 1837 1853 20040 
1842 1840 1858 20050 
1841 1839 1856 20060 
1839 1839 1849 20070 
1843 1842 1856 20080 
1844 1838 1857 20090 
1845 1840 1858 20100 
1845 1838 1860 20110 
1847 1840 1858 20120 
1843 1841 1855 20130 
1842 1841 1856 20140 
1839 1839 1849 20150 
1843 1837 1858 20160 
1839 1842 1856 20170 
1845 1837 1860 20180 
1845 1835 1853 20190 
1850 1838 1861 20200 
1846 1837 1860 20210 
1843 1838 1852 20220 
1843 1834 1856 20230 
1842 1840 1855 20240 
1843 1837 1859 20250 
1841 1843 1853 20260 
1840 1838 1854 20270 
1840 1838 1854 20280 
1838 1839 1848 20290 
1841 1839 1853 20300 
1841 1842 1856 20310 
1842 1843 1858 20320 
1843 1842 1857 20330 
1841 1842 1851 20340 
1843 1844 1859 20350 
1843 1841 1856 20360 
1842 1841 1853 20370 
1844 1840 1856 20380 
1841 1838 1854 20390 
1843 1841 1860 20400 
1843 1838 1857 20410 
1842 1840 1856 20420 
1843 1837 1855 20430 
1845 1843 1859 20440 
1842 1839 1855 20450 
1842 1841 1857 20460 
1845 1841 1857 20470 
1847 1838 1859 20480 
1844 1837 1856 20490 
1843 1841 1859 20500 
1842 1837 1854 20510 
1842 1842 1858 20520 
1844 1841 1859 20530 
1846 1841 1856 20540 
1844 1837 1858 20550 
1845 1841 1862 20560 
1842 1842 1856 20570 
1842 1842 1855 20580 
1841 1841 1856 20590 
1842 1843 1858 20600 
1843 1840 1857 20610 
1845 1840 1858 20620 
1842 1840 1855 20630 
1844 1837 1859 20640 
1844 1838 1857 20650 
1845 1839 1858 20660 
1845 1839 1858 20670 
1843 1837 1854 20680 
1843 1839 1856 20690 
1841 1839 1858 20700 
1844 1842 1859 20710 
1845 1838 1859 20720 
1841 1839 1853 20730 
1841 1838 1855 20740 
1845 1840 1858 20750 
1845 1838 1852 20760 
1841 1841 1857 20770 
1844 1841 1857 20780 
1843 1842 1858 20790 
1840 1842 1853 20800 
1842 1839 1857 20810 
1842 1843 1859 20820 
1844 1843 1857 20830 
1846 1844 1859 20840 
1842 1841 1857 20850 
1844 1844 1855 20860 
1843 1841 1855 20870 
1841 1836 1855 20880 
1843 1840 1858 20890 
1840 1837 1854 20900 
1844 1841 1859 20910 
1843 1839 1859 20920 
1844 1838 1857 20930 
1845 1845 1853 20940 
1842 1841 1851 20950 
1846 1840 1860 20960 
1846 1838 1858 20970 
1847 1840 1858 20980 
1845 1838 1855 20990 
1848 1840 1862 21000 
1842 1841 1859 21010 
1845 1841 1857 21020 
1840 1836 1852 21030 
1842 1843 1857 21040 
1843 1842 1859 21050 
1845 1840 1859 21060 
1844 1841 1859 21070 
1845 1839 1860 21080 
1842 1838 1854 21090 
1846 1842 1855 21100 
1842 1838 1854 21110 
1844 1834 1855 21120 
1839 1841 1854 21130 
1841 1840 1854 21140 
1838 1840 1851 21150 
1846 1841 1860 21160 
1841 1841 1854 21170 
1845 1841 1858 21180 
1839 1839 1849 21190 
1843 1841 1856 21200 
1841 1838 1854 21210 
1843 1840 1858 21220 
1844 1840 1856 21230 
1847 1840 1862 21240 
1842 1838 1855 21250 
1841 1840 1856 21260 
1844 1837 1857 21270 
1843 1838 1857 21280 
1842 1841 1858 21290 
1837 1839 1850 21300 
1844 1836 1859 21310 
1846 1838 1858 21320 
1845 1837 1856 21330 
1846 1843 1848 21340 
1845 1843 1860 21350 
1843 1834 1853 21360 
1843 1837 1856 21370 
1844 1839 1858 21380 
1843 1839 1856 21390 
1844 1840 1859 21400 
1843 1843 1855 21410 
1844 1842 1858 21420 
1844 1835 1855 21430 
1841 1839 1853 21440 
1839 1839 1849 21450 
1840 1844 1857 21460 
1844 1840 1860 21470 
1844 1841 1859 21480 
1844 1842 1854 21490 
1844 1838 1856 21500 
1844 1836 1856 21510 
1838 1839 1852 21520 
1844 1841 1860 21530 
1842 1843 1858 21540 
1842 1837 1855 21550 
1845 1838 1858 21560 
1846 1847 1854 21570 
1842 1843 1857 21580 
1844 1842 1860 21590 
1843 1841 1860 21600 
1843 1834 1855 21610 
1844 1841 1860 21620 
1848 1838 1859 21630 
1838 1839 1849 21640 
1844 1837 1857 21650 
1844 1842 1858 21660 
1845 1836 1859 21670 
1846 1838 1856 21680 
1843 1841 1857 21690 
1844 1841 1858 21700 
1843 1842 1856 21710 
1844 1841 1857 21720 
1847 1839 1857 21730 
1839 1839 1852 21740 
1843 1842 1860 21750 
1844 1837 1858 21760 
1842 1839 1852 21770 
1844 1841 1859 21780 
1845 1838 1859 21790 
1840 1839 1855 21800 
1846 1835 1859 21810 
1840 1837 1850 21820 
1843 1835 1854 21830 
1841 1841 1855 21840 
1838 1839 1852 21850 
1844 1842 1859 21860 
1842 1840 1856 21870 
1840 1838 1854 21880 
1845 1838 1861 21890 
1842 1837 1852 21900 
1844 1840 1860 21910 
1845 1839 1858 21920 
1845 1837 1861 21930 
1845 1841 1861 21940 
1844 1840 1858 21950 
1843 1842 1857 21960 
1842 1837 1853 21970 
1844 1842 1860 21980 
1843 1839 1856 21990 
1842 1842 1857 22000 
1844 1843 1853 22010 
1843 1834 1858 22020 
1844 1837 1859 22030 
1843 1842 1859 22040 
1845 1840 1860 22050 
1845 1844 1859 22060 
1842 1840 1853 22070 
1842 1842 1859 22080 
1844 1842 1856 22090 
1840 1840 1851 22100 
1844 1841 1857 22110 
1843 1832 1855 22120 
1843 1840 1857 22130 
1844 1839 1859 22140 
1843 1841 1858 22150 
1839 1840 1854 22160 
1844 1841 1857 22170 
1837 1838 1850 22180 
1843 1835 1855 22190 
1845 1837 1858 22200 
1843 1839 1859 22210 
1845 1836 1853 22220 
1847 1843 1863 22230 
1842 1834 1854 22240 
1846 1837 1858 22250 
1844 1837 1857 22260 
1844 1837 1859 22270 
1842 1836 1853 22280 
1844 1836 1857 22290 
1844 1837 1857 22300 
1845 1842 1859 22310 
1838 1839 1849 22320 
1845 1835 1860 22330 
1844 1836 1850 22340 
1843 1836 1855 22350 
1842 1837 1852 22360 
1843 1839 1858 22370 
1843 1839 1857 22380 
1840 1841 1855 22390 
1843 1838 1856 22400 
1844 1840 1858 22410 
1843 1836 1858 22420 
1843 1842 1859 22430 
1843 1839 1860 22440 
1843 1837 1855 22450 
1844 1840 1858 22460 
1846 1837 1858 22470 
1841 1842 1854 22480 
1842 1839 1854 22490 
1845 1841 1859 22500 
1845 1838 1850 22510 
1844 1843 1859 22520 
1845 1841 1858 22530 
1842 1836 1854 22540 
1847 1840 1857 22550 
1841 1839 1855 22560 
1846 1840 1861 22570 
1844 1837 1859 22580 
1841 1839 1854 22590 
1841 1840 1853 22600 
1844 1838 1852 22610 
1845 1839 1860 22620 
1844 1834 1861 22630 
1840 1839 1852 22640 
1843 1837 1853 22650 
1843 1841 1860 22660 
1844 1837 1858 22670 
1843 1841 1858 22680 
1843 1840 1858 22690 
1844 1840 1860 22700 
1841 1841 1855 22710 
1843 1838 1856 22720 
1846 1836 1857 22730 
1844 1837 1850 22740 
1844 1836 1857 22750 
1844 1841 1859 22760 
1842 1844 1858 22770 
1842 1842 1859 22780 
1842 1837 1858 22790 
1845 1840 1861 22800 
1843 1842 1859 22810 
1844 1839 1857 22820 
1841 1840 1855 22830 
1846 1839 1858 22840 
1846 1841 1860 22850 
1840 1840 1853 22860 
1844 1840 1856 22870 
1841 1837 1852 22880 
1846 1840 1861 22890 
1841 1841 1854 22900 
1844 1842 1858 22910 
1843 1842 1857 22920 
1843 1841 1857 22930 
1844 1840 1861 22940 
1844 1837 1859 22950 
1845 1837 1858 22960 
1842 1834 1854 22970 
1843 1842 1855 22980 
1843 1840 1858 22990 
1843 1835 1856 23000 
1842 1835 1854 23010 
1844 1839 1858 23020 
1843 1843 1858 23030 
1845 1842 1860 23040 
1844 1840 1855 23050 
1843 1843 1852 23060 
1842 1841 1856 23070 
1843 1840 1857 23080 
1842 1839 1855 23090 
1843 1838 1857 23100 
1844 1838 1858 23110 
1839 1840 1851 23120 
1843 1837 1852 23130 
1846 1840 1855 23140 
1842 1839 1856 23150 
1845 1837 1857 23160 
1842 1840 1856 23170 
1839 1840 1852 23180 
1841 1839 1853 23190 
1844 1843 1859 23200 
1843 1838 1856 23210 
1844 1838 1861 23220 
1840 1841 1856 23230 
1840 1840 1855 23240 
1842 1840 1858 23250 
1842 1839 1852 23260 
1843 1840 1855 23270 
1842 1840 1851 23280 
1839 1840 1853 23290 
1846 1843 1853 23300 
1841 1841 1856 23310 
1842 1839 1855 23320 
1841 1840 1856 23330 
1842 1839 1853 23340 
1843 1839 1856 23350 
1845 1840 1858 23360 
1843 1836 1856 23370 
1847 1840 1856 23380 
1842 1839 1857 23390 
1844 1837 1854 23400 
1840 1840 1854 23410 
1843 1839 1858 23420 
1839 1840 1853 23430 
1844 1838 1859 23440 
1844 1837 1858 23450 
1842 1836 1853 23460 
1838 1839 1850 23470 
1843 1837 1855 23480 
1843 1835 1856 23490 
1844 1834 1860 23500 
1837 1839 1849 23510 
1844 1838 1859 23520 
1843 1840 1856 23530 
1842 1839 1856 23540 
1846 1840 1862 23550 
1845 1838 1859 23560 
1846 1839 1860 23570 
1846 1837 1858 23580 
1843 1837 1858 23590 
1844 1834 1856 23600 
1844 1837 1860 23610 
1839 1840 1852 23620 
1843 1840 1858 23630 
1844 1842 1858 23640 
1838 1839 1850 23650 
1845 1840 1856 23660 
1843 1838 1856 23670 
1845 1837 1859 23680 
1839 1840 1852 23690 
1842 1833 1854 23700 
1843 1836 1853 23710 
1844 1841 1858 23720 
1837 1838 1851 23730 
1844 1835 1860 23740 
1844 1836 1859 23750 
1844 1837 1857 23760 
1843 1837 1857 23770 
1845 1841 1858 23780 
1842 1835 1854 23790 
1843 1838 1854 23800 
1842 1834 1855 23810 
1846 1841 1854 23820 
1843 1840 1859 23830 
1844 1841 1859 23840 
1838 1840 1850 23850 
1842 1842 1858 23860 
1845 1837 1860 23870 
1847 1841 1862 23880 
1843 1841 1858 23890 
1845 1842 1854 23900 
1843 1840 1858 23910 
1843 1838 1854 23920 
1842 1839 1855 23930 
1845 1840 1861 23940 
1842 1836 1854 23950 
1842 1837 1853 23960 
1846 1839 1859 23970 
1842 1838 1855 23980 
1838 1837 1849 23990 
1844 1839 1856 24000 
1841 1841 1856 24010 
1843 1841 1858 24020 
1845 1839 1858 24030 
1846 1841 1853 24040 
1844 1835 1858 24050 
1845 1837 1858 24060 
1844 1837 1854 24070 
1843 1837 1854 24080 
1845 1841 1859 24090 
1843 1836 1856 24100 
1840 1837 1852 24110 
1845 1838 1861 24120 
1839 1839 1853 24130 
1846 1838 1859 24140 
1844 1840 1860 24150 
1845 1839 1859 24160 
1844 1841 1861 24170 
1846 1840 1858 24180 
1843 1838 1855 24190 
1843 1839 1856 24200 
1844 1837 1858 24210 
1844 1837 1856 24220 
1839 1839 1854 24230 
1842 1835 1855 24240 
1840 1840 1854 24250 
1844 1839 1858 24260 
1845 1842 1861 24270 
1842 1838 1858 24280 
1842 1840 1857 24290 
1844 1843 1858 24300 
1845 1838 1859 24310 
1838 1839 1849 24320 
1846 1837 1859 24330 
1844 1835 1857 24340 
1843 1835 1854 24350 
1844 1840 1858 24360 
1842 1840 1856 24370 
1844 1836 1857 24380 
1838 1839 1853 24390 
1841 1837 1853 24400 
1840 1840 1852 24410 
1844 1839 1858 24420 
1842 1837 1853 24430 
1843 1842 1853 24440 
1842 1833 1855 24450 
1843 1840 1859 24460 
1843 1836 1858 24470 
1844 1839 1857 24480 
1843 1840 1857 24490 
1842 1839 1854 24500 
1845 1840 1858 24510 
1843 1836 1858 24520 
1844 1843 1858 24530 
1837 1838 1849 24540 
1844 1838 1857 24550 
1844 1840 1858 24560 
1844 1839 1858 24570 
1837 1840 1849 24580 
1843 1843 1853 24590 
1843 1839 1855 24600 
1845 1842 1860 24610 
1844 1839 1859 24620 
1844 1835 1856 24630 
1844 1837 1856 24640 
1844 1843 1857 24650 
1842 1842 1856 24660 
1840 1840 1859 24670 
1844 1839 1857 24680 
1844 1837 1857 24690 
1841 1840 1856 24700 
1844 1835 1858 24710 
1843 1839 1858 24720 
1841 1840 1854 24730 
1840 1839 1852 24740 
1846 1838 1859 24750 
1844 1839 1858 24760 
1843 1840 1858 24770 
1841 1840 1855 24780 
1844 1837 1858 24790 
1841 1842 1856 24800 
1842 1839 1855 24810 
1843 1841 1859 24820 
1846 1840 1859 24830 
1841 1840 1854 24840 
1844 1841 1859 24850 
1843 1839 1857 24860 
1842 1840 1852 24870 
1845 1843 1861 24880 
1845 1839 1861 24890 
1844 1837 1858 24900 
1845 1842 1854 24910 
1844 1839 1856 24920 
1845 1841 1860 24930 
1844 1839 1855 24940 
1842 1837 1854 24950 
1845 1838 1861 24960 
1846 1841 1857 24970 
1845 1841 1861 24980 
1846 1841 1856 24990 
1845 1840 1858 25000 
1844 1841 1858 25010 
1844 1838 1858 25020 
1842 1840 1855 25030 
1843 1844 1856 25040 
1845 1839 1858 25050 
1840 1842 1852 25060 
1845 1842 1861 25070 
1844 1840 1858 25080 
1844 1843 1858 25090 
1843 1841 1855 25100 
1843 1841 1857 25110 
1843 1840 1862 25120 
1842 1839 1856 25130 
1844 1842 1861 25140 
1844 1840 1858 25150 
1844 1844 1859 25160 
1843 1843 1857 25170 
1845 1844 1861 25180 
1844 1836 1855 25190 
1846 1846 1851 25200 
1842 1836 1855 25210 
1845 1839 1859 25220 
1845 1842 1862 25230 
1845 1836 1855 25240 
1845 1840 1861 25250 
1844 1841 1856 25260 
1844 1837 1857 25270 
1846 1843 1857 25280 
1841 1840 1852 25290 
1847 1840 1859 25300 
1840 1843 1852 25310 
1842 1839 1853 25320 
1844 1840 1853 25330 
1846 1841 1860 25340 
1839 1839 1850 25350 
1844 1845 1855 25360 
1844 1841 1860 25370 
1846 1842 1861 25380 
1842 1844 1857 25390 
1843 1843 1857 25400 
1846 1840 1860 25410 
1843 1845 1858 25420 
1842 1843 1856 25430 
1846 1840 1859 25440 
1846 1838 1858 25450 
1843 1838 1855 25460 
1840 1841 1850 25470 
1844 1843 1859 25480 
1843 1843 1857 25490 
1846 1844 1861 25500 
1843 1843 1857 25510 
1846 1844 1860 25520 
1840 1843 1859 25530 
1842 1843 1854 25540 
1842 1846 1858 25550 
1844 1845 1859 25560 
1840 1844 1854 25570 
1841 1845 1856 25580 
1844 1839 1857 25590 
1845 1840 1858 25600 
1845 1838 1857 25610 
1846 1840 1859 25620 
1844 1840 1853 25630 
1846 1844 1859 25640 
1845 1843 1861 25650 
1845 1844 1857 25660 
1846 1843 1862 25670 
1845 1840 1859 25680 
1843 1842 1857 25690 
1845 1842 1859 25700 
1841 1843 1856 25710 
1844 1845 1860 25720 
1845 1841 1861 25730 
1841 1843 1860 25740 
1845 1840 1858 25750 
1847 1844 1862 25760 
1842 1843 1856 25770 
1839 1843 1852 25780 
1844 1845 1861 25790 
1840 1843 1851 25800 
1845 1840 1859 25810 
1846 1842 1858 25820 
1844 1844 1861 25830 
1844 1845 1859 25840 
1842 1836 1854 25850 
1840 1841 1853 25860 
1846 1841 1863 25870 
1846 1840 1860 25880 
1843 1838 1855 25890 
1844 1837 1861 25900 
1839 1841 1850 25910 
1843 1841 1857 25920 
1845 1842 1858 25930 
1839 1842 1849 25940 
1844 1840 1854 25950 
1841 1844 1854 25960 
1842 1841 1853 25970 
1843 1842 1861 25980 
1844 1841 1857 25990 
1843 1844 1857 26000 
1843 1844 1856 26010 
1843 1843 1856 26020 
1843 1844 1857 26030 
1843 1844 1859 26040 
1845 1840 1859 26050 
1842 1843 1857 26060 
1844 1836 1856 26070 
1843 1842 1854 26080 
1842 1839 1855 26090 
1844 1845 1858 26100 
1842 1843 1857 26110 
1843 1844 1856 26120 
1844 1840 1857 26130 
1843 1841 1856 26140 
1843 1844 1858 26150 
1841 1843 1852 26160 
1844 1842 1856 26170 
1844 1839 1858 26180 
1845 1842 1859 26190 
1841 1845 1856 26200 
1845 1843 1860 26210 
1844 1845 1860 26220 
1841 1840 1855 26230 
1843 1841 1854 26240 
1845 1839 1856 26250 
1847 1842 1861 26260 
1845 1843 1858 26270 
1841 1842 1853 26280 
1846 1842 1857 26290 
1842 1843 1855 26300 
1843 1841 1856 26310 
1844 1840 1851 26320 
1845 1844 1861 26330 
1843 1841 1855 26340 
1843 1841 1856 26350 
1843 1843 1852 26360 
1843 1839 1855 26370 
1842 1843 1854 26380 
1842 1843 1857 26390 
1840 1842 1855 26400 
1844 1845 1859 26410 
1841 1845 1854 26420 
1843 1843 1854 26430 
1845 1837 1862 26440 
1842 1841 1854 26450 
1844 1845 1859 26460 
1845 1842 1863 26470 
1843 1838 1857 26480 
1843 1844 1860 26490 
1845 1844 1860 26500 
1845 1840 1858 26510 
1847 1844 1854 26520 
1845 1838 1858 26530 
1843 1840 1854 26540 
1844 1839 1858 26550 
1842 1843 1859 26560 
1844 1840 1859 26570 
1845 1839 1859 26580 
1843 1843 1857 26590 
1842 1843 1855 26600 
1845 1841 1860 26610 
1846 1844 1863 26620 
1838 1842 1851 26630 
1846 1843 1859 26640 
1844 1838 1856 26650 
1844 1842 1858 26660 
1844 1839 1859 26670 
1842 1838 1855 26680 
1844 1841 1858 26690 
1844 1844 1859 26700 
1844 1843 1859 26710 
1846 1845 1855 26720 
1841 1841 1854 26730 
1845 1840 1859 26740 
1844 1841 1859 26750 
1844 1840 1858 26760 
1846 1843 1863 26770 
1846 1841 1859 26780 
1845 1841 1858 26790 
1841 1843 1853 26800 
1844 1843 1859 26810 
1843 1839 1856 26820 
1843 1839 1860 26830 
1845 1844 1861 26840 
1842 1842 1857 26850 
1840 1843 1854 26860 
1844 1840 1858 26870 
1846 1840 1859 26880 
1843 1836 1854 26890 
1846 1844 1862 26900 
1842 1844 1859 26910 
1843 1844 1857 26920 
1844 1840 1857 26930 
1843 1836 1855 26940 
1843 1841 1858 26950 
1845 1843 1854 26960 
1842 1836 1855 26970 
1843 1840 1858 26980 
1844 1837 1859 26990 
1843 1842 1858 27000 
1846 1843 1862 27010 
1846 1840 1861 27020 
1843 1838 1850 27030 
1842 1841 1855 27040 
1843 1836 1855 27050 
1846 1837 1859 27060 
1845 1837 1858 27070 
1846 1837 1860 27080 
1839 1839 1850 27090 
1841 1840 1853 27100 
1841 1838 1854 27110 
1842 1837 1852 27120 
1845 1840 1861 27130 
1846 1840 1861 27140 
1840 1840 1853 27150 
1844 1840 1857 27160 
1843 1841 1857 27170 
1840 1839 1851 27180 
1844 1840 1862 27190 
1844 1834 1855 27200 
1844 1839 1857 27210 
1847 1842 1863 27220 
1846 1839 1860 27230 
1846 1840 1858 27240 
1841 1838 1855 27250 
1844 1835 1856 27260 
1842 1840 1857 27270 
1845 1837 1858 27280 
1843 1840 1858 27290 
1843 1842 1858 27300 
1846 1837 1859 27310 
1847 1841 1854 27320 
1841 1837 1849 27330 
1846 1839 1860 27340 
1844 1842 1859 27350 
1843 1843 1858 27360 
1840 1841 1857 27370 
1844 1842 1860 27380 
1841 1840 1854 27390 
1844 1841 1856 27400 
1844 1837 1856 27410 
1843 1840 1856 27420 
1842 1838 1854 27430 
1844 1842 1856 27440 
1841 1840 1853 27450 
1844 1841 1858 27460 
1844 1840 1855 27470 
1845 1836 1860 27480 
1840 1839 1853 27490 
1843 1836 1854 27500 
1846 1841 1862 27510 
1842 1837 1853 27520 
1842 1841 1859 27530 
1843 1843 1858 27540 
1843 1842 1859 27550 
1843 1840 1856 27560 
1843 1842 1857 27570 
1846 1841 1861 27580 
1846 1840 1860 27590 
1846 1841 1860 27600 
1846 1841 1860 27610 
1842 1837 1854 27620 
1845 1836 1859 27630 
1842 1839 1855 27640 
1844 1839 1857 27650 
1845 1837 1859 27660 
1839 1839 1852 27670 
1846 1842 1862 27680 
1845 1837 1860 27690 
1842 1835 1856 27700 
1844 1843 1853 27710 
1842 1840 1857 27720 
1844 1840 1858 27730 
1838 1839 1850 27740 
1845 1839 1857 27750 
1843 1836 1856 27760 
1846 1839 1863 27770 
1839 1839 1852 27780 
1846 1837 1859 27790 
1843 1835 1855 27800 
1845 1837 1859 27810 
1839 1838 1849 27820 
1846 1839 1857 27830 
1845 1840 1860 27840 
1846 1837 1860 27850 
1842 1841 1856 27860 
1847 1840 1857 27870 
1845 1837 1857 27880 
1845 1837 1859 27890 
1844 1838 1857 27900 
1845 1842 1862 27910 
1842 1843 1859 27920 
1842 1842 1854 27930 
1840 1839 1855 27940 
1842 1840 1853 27950 
1844 1841 1861 27960 
1844 1840 1859 27970 
1841 1840 1855 27980 
1842 1836 1854 27990 
1843 1839 1856 28000 
1845 1844 1860 28010 
1844 1839 1859 28020 
1846 1840 1859 28030 
1843 1840 1858 28040 
1845 1840 1860 28050 
1844 1840 1859 28060 
1842 1834 1854 28070 
1842 1835 1856 28080 
1846 1842 1863 28090 
1843 1839 1856 28100 
1847 1841 1857 28110 
1844 1837 1857 28120 
1844 1841 1857 28130 
1843 1842 1858 28140 
1844 1841 1856 28150 
1844 1840 1859 28160 
1841 1839 1853 28170 
1843 1840 1856 28180 
1843 1838 1857 28190 
1843 1838 1855 28200 
1841 1839 1849 28210 
1839 1840 1849 28220 
1847 1842 1862 28230 
1845 1845 1862 28240 
1843 1843 1858 28250 
1845 1838 1857 28260 
1843 1842 1859 28270 
1845 1839 1859 28280 
1844 1838 1858 28290 
1842 1840 1859 28300 
1842 1840 1854 28310 
1843 1842 1858 28320 
1844 1839 1856 28330 
1846 1836 1859 28340 
1844 1840 1859 28350 
1842 1841 1857 28360 
1846 1839 1859 28370 
1842 1841 1856 28380 
1844 1841 1857 28390 
1841 1841 1852 28400 
1844 1843 1859 28410 
1846 1842 1853 28420 
1843 1841 1858 28430 
1843 1840 1857 28440 
1846 1838 1860 28450 
1842 1836 1855 28460 
1844 1840 1859 28470 
1841 1839 1854 28480 
1842 1836 1854 28490 
1844 1839 1858 28500 
1843 1840 1856 28510 
1844 1838 1859 28520 
1842 1839 1855 28530 
1844 1841 1860 28540 
1843 1836 1855 28550 
1846 1840 1862 28560 
1843 1834 1854 28570 
1846 1838 1858 28580 
1845 1837 1860 28590 
1846 1837 1859 28600 
1842 1835 1854 28610 
1843 1834 1856 28620 
1844 1836 1857 28630 
1843 1842 1858 28640 
1845 1839 1860 28650 
1839 1840 1855 28660 
1842 1835 1854 28670 
1844 1838 1857 28680 
1840 1842 1854 28690 
1842 1837 1857 28700 
1845 1837 1861 28710 
1842 1840 1857 28720 
1843 1837 1854 28730 
1843 1839 1857 28740 
1844 1838 1856 28750 
1844 1837 1857 28760 
1840 1841 1851 28770 
1844 1838 1858 28780 
1843 1843 1852 28790 
1845 1838 1860 28800 
1841 1840 1856 28810 
1841 1834 1854 28820 
1844 1839 1860 28830 
1843 1838 1860 28840 
1842 1837 1853 28850 
1842 1840 1857 28860 
1845 1842 1853 28870 
1845 1838 1859 28880 
1844 1839 1858 28890 
1843 1838 1857 28900 
1843 1839 1856 28910 
1844 1842 1857 28920 
1844 1840 1856 28930 
1845 1840 1861 28940 
1841 1840 1852 28950 
1846 1838 1859 28960 
1840 1839 1853 28970 
1841 1840 1855 28980 
1845 1839 1859 28990 
1844 1842 1861 29000 
1845 1843 1859 29010 
1839 1838 1853 29020 
1846 1836 1859 29030 
1842 1840 1860 29040 
1844 1838 1858 29050 
1841 1838 1852 29060 
1842 1839 1857 29070 
1843 1841 1859 29080 
1843 1836 1855 29090 
1841 1835 1853 29100 
1844 1842 1849 29110 
1841 1840 1858 29120 
1844 1836 1859 29130 
1842 1840 1857 29140 
1845 1837 1858 29150 
1842 1839 1853 29160 
1842 1836 1855 29170 
1844 1840 1858 29180 
1843 1834 1854 29190 
1843 1839 1856 29200 
1847 1840 1860 29210 
1846 1842 1860 29220 
1842 1835 1852 29230 
1844 1840 1858 29240 
1843 1841 1857 29250 
1843 1842 1858 29260 
1839 1839 1853 29270 
1843 1837 1856 29280 
1841 1839 1852 29290 
1843 1840 1858 29300 
1841 1841 1858 29310 
1845 1842 1851 29320 
1840 1840 1852 29330 
1844 1836 1855 29340 
1843 1840 1857 29350 
1844 1842 1858 29360 
1841 1839 1853 29370 
1845 1842 1861 29380 
1842 1839 1855 29390 
1846 1839 1859 29400 
1843 1833 1854 29410 
1845 1838 1861 29420 
1842 1838 1854 29430 
1841 1839 1855 29440 
1844 1840 1856 29450 
1844 1841 1859 29460 
1843 1838 1857 29470 
1845 1843 1851 29480 
1843 1838 1858 29490 
1844 1841 1859 29500 
1844 1837 1858 29510 
1842 1841 1856 29520 
1844 1839 1859 29530 
1841 1842 1855 29540 
1841 1840 1855 29550 
1843 1841 1854 29560 
1844 1843 1858 29570 
1842 1837 1854 29580 
1844 1841 1858 29590 
1845 1836 1858 29600 
1842 1840 1857 29610 
1842 1842 1856 29620 
1841 1841 1856 29630 
1843 1842 1853 29640 
1841 1839 1852 29650 
1844 1841 1861 29660 
1843 1842 1859 29670 
1841 1839 1852 29680 
1843 1833 1856 29690 
1847 1838 1860 29700 
1844 1838 1859 29710 
1846 1837 1860 29720 
1841 1837 1849 29730 
1841 1836 1854 29740 
1843 1841 1859 29750 
1839 1839 1852 29760 
1843 1838 1854 29770 
1844 1841 1857 29780 
1844 1842 1858 29790 
1844 1841 1854 29800 
1843 1837 1855 29810 
1842 1841 1855 29820 
1845 1840 1859 29830 
1841 1840 1856 29840 
1842 1841 1859 29850 
1843 1842 1859 29860 
1838 1839 1853 29870 
1846 1841 1855 29880 
1843 1837 1858 29890 
1843 1840 1859 29900 
1842 1835 1853 29910 
1843 1841 1859 29920 
1843 1843 1859 29930 
1845 1841 1856 29940 
1841 1840 1852 29950 
1848 1843 1856 29960 
1845 1840 1859 29970 
1844 1840 1859 29980 
1844 1840 1858 29990 
1843 1838 1859 30000 
1842 1840 1855 30010 
