1893 1847 1862 10 
1852 1846 1859 20 
1840 1837 1848 30 
1838 1835 1852 40 
1841 1842 1851 50 
1840 1840 1856 60 
1842 1839 1855 70 
1846 1841 1859 80 
1844 1834 1850 90 
1847 1834 1852 100 
1845 1840 1852 110 
1847 1838 1855 120 
1846 1835 1858 130 
1847 1839 1851 140 
1845 1837 1857 150 
1846 1837 1853 160 
1845 1839 1855 170 
1844 1840 1851 180 
1846 1839 1854 190 
1843 1840 1849 200 
1846 1836 1853 210 
1846 1842 1847 220 
1845 1840 1857 230 
1842 1834 1853 240 
1843 1836 1854 250 
1844 1837 1855 260 
1843 1840 1851 270 
1844 1842 1854 280 
1844 1835 1851 290 
1845 1836 1853 300 
1845 1839 1855 310 
1847 1838 1857 320 
1842 1837 1852 330 
1845 1838 1856 340 
1846 1839 1857 350 
1849 1838 1857 360 
1849 1840 1859 370 
1847 1843 1851 380 
1846 1835 1850 390 
1846 1840 1855 400 
1843 1839 1851 410 
1840 1836 1850 420 
1840 1838 1852 430 
1844 1836 1855 440 
1845 1840 1853 450 
1845 1839 1850 460 
1845 1838 1850 470 
1846 1837 1855 480 
1847 1841 1854 490 
1845 1840 1858 500 
1844 1840 1856 510 
1839 1834 1855 520 
1843 1840 1849 530 
1843 1836 1854 540 
1847 1836 1856 550 
1843 1833 1852 560 
1845 1840 1857 570 
1841 1838 1847 580 
1842 1839 1850 590 
1846 1839 1852 600 
1845 1837 1856 610 
1844 1836 1850 620 
1844 1839 1856 630 
1843 1839 1856 640 
1844 1837 1856 650 
1844 1838 1851 660 
1845 1841 1857 670 
1846 1841 1858 680 
1846 1835 1850 690 
1842 1840 1854 700 
1842 1840 1849 710 
1839 1837 1848 720 
1845 1837 1855 730 
1843 1839 1857 740 
1844 1835 1852 750 
1844 1839 1849 760 
1843 1841 1853 770 
1844 1841 1856 780 
1850 1841 1859 790 
1850 1841 1859 800 
1845 1841 1851 810 
1835 1841 1849 820 
1834 1836 1852 830 
1838 1840 1849 840 
1837 1839 1847 850 
1836 1842 1853 860 
1843 1841 1859 870 
1851 1839 1860 880 
1852 1840 1856 890 
1854 1838 1858 900 
1853 1838 1855 910 
1850 1841 1853 920 
1849 1839 1849 930 
1845 1839 1847 940 
1843 1838 1849 950 
1848 1835 1852 960 
1844 1840 1852 970 
1844 1841 1857 980 
1844 1835 1853 990 
1838 1839 1847 1000 
1840 1838 1853 1010 
1842 1842 1852 1020 
1843 1842 1854 1030 
1842 1840 1851 1040 
1843 1837 1853 1050 
1846 1839 1856 1060 
1842 1841 1851 1070 
1847 1838 1859 1080 
1847 1839 1858 1090 
1842 1842 1852 1100 
1847 1842 1857 1110 
1845 1843 1853 1120 
1844 1842 1852 1130 
1846 1843 1851 1140 
1846 1843 1855 1150 
1843 1833 1853 1160 
1844 1837 1851 1170 
1842 1837 1852 1180 
1843 1841 1849 1190 
1844 1841 1852 1200 
1843 1835 1851 1210 
1845 1839 1853 1220 
1847 1842 1852 1230 
1845 1835 1850 1240 
1845 1834 1853 1250 
1840 1839 1849 1260 
1847 1838 1856 1270 
1844 1835 1850 1280 
1848 1841 1860 1290 
1845 1843 1857 1300 
1846 1841 1856 1310 
1844 1835 1860 1320 
1845 1839 1853 1330 
1847 1839 1860 1340 
1844 1839 1855 1350 
1847 1837 1850 1360 
1844 1838 1854 1370 
1845 1843 1855 1380 
1845 1835 1852 1390 
1844 1841 1852 1400 
1841 1840 1850 1410 
1843 1838 1849 1420 
1842 1838 1851 1430 
1846 1841 1860 1440 
1845 1837 1860 1450 
1847 1837 1855 1460 
1850 1841 1858 1470 
1847 1836 1851 1480 
1847 1839 1856 1490 
1846 1837 1859 1500 
1845 1843 1855 1510 
1840 1838 1850 1520 
1843 1841 1859 1530 
1841 1838 1847 1540 
1844 1837 1852 1550 
1848 1844 1861 1560 
1850 1841 1858 1570 
1847 1841 1850 1580 
1843 1837 1843 1590 
1838 1838 1855 1600 
1840 1836 1859 1610 
1840 1838 1854 1620 
1838 1839 1845 1630 
1843 1838 1854 1640 
1847 1838 1854 1650 
1852 1841 1858 1660 
1848 1840 1854 1670 
1846 1839 1853 1680 
1844 1836 1852 1690 
1847 1839 1861 1700 
1842 1840 1856 1710 
1840 1839 1849 1720 
1842 1842 1853 1730 
1846 1841 1856 1740 
1846 1839 1855 1750 
1847 1841 1852 1760 
1845 1843 1853 1770 
1840 1839 1850 1780 
1845 1841 1856 1790 
1846 1841 1858 1800 
1847 1836 1853 1810 
1847 1842 1854 1820 
1848 1841 1856 1830 
1845 1840 1855 1840 
1841 1841 1851 1850 
1844 1837 1852 1860 
1841 1839 1854 1870 
1842 1837 1854 1880 
1846 1838 1858 1890 
1845 1841 1855 1900 
1844 1840 1854 1910 
1847 1840 1857 1920 
1847 1843 1858 1930 
1845 1839 1856 1940 
1846 1838 1854 1950 
1842 1840 1849 1960 
1846 1838 1853 1970 
1843 1839 1855 1980 
1851 1839 1861 1990 
1855 1842 1862 2000 
1852 1843 1857 2010 
1837 1836 1842 2020 
1836 1841 1853 2030 
1844 1842 1860 2040 
1835 1837 1853 2050 
1842 1838 1861 2060 
1846 1837 1861 2070 
1844 1840 1850 2080 
1850 1839 1857 2090 
1848 1841 1854 2100 
1841 1838 1846 2110 
1844 1840 1847 2120 
1845 1834 1851 2130 
1847 1839 1856 2140 
1847 1840 1857 2150 
1847 1843 1854 2160 
1842 1841 1852 2170 
1839 1840 1858 2180 
1837 1840 1854 2190 
1843 1840 1859 2200 
1846 1839 1856 2210 
1848 1838 1854 2220 
1843 1841 1849 2230 
1848 1842 1856 2240 
1847 1837 1856 2250 
1848 1844 1855 2260 
1846 1838 1857 2270 
1844 1841 1858 2280 
1849 1842 1862 2290 
1847 1841 1853 2300 
1847 1839 1856 2310 
1844 1841 1852 2320 
1842 1841 1852 2330 
1842 1838 1856 2340 
1845 1838 1857 2350 
1839 1838 1850 2360 
1841 1837 1852 2370 
1839 1839 1853 2380 
1842 1839 1850 2390 
1843 1840 1854 2400 
1847 1837 1857 2410 
1848 1841 1858 2420 
1850 1841 1856 2430 
1851 1843 1859 2440 
1849 1838 1856 2450 
1848 1837 1855 2460 
1845 1839 1852 2470 
1846 1843 1855 2480 
1843 1843 1852 2490 
1844 1840 1855 2500 
1838 1840 1851 2510 
1841 1835 1859 2520 
1841 1833 1854 2530 
1838 1840 1852 2540 
1845 1840 1861 2550 
1844 1841 1854 2560 
1849 1841 1855 2570 
1847 1842 1853 2580 
1850 1841 1860 2590 
1847 1842 1856 2600 
1845 1841 1859 2610 
1845 1841 1852 2620 
1845 1837 1856 2630 
1845 1837 1859 2640 
1846 1840 1859 2650 
1840 1841 1857 2660 
1844 1836 1856 2670 
1846 1837 1857 2680 
1847 1839 1854 2690 
1845 1841 1850 2700 
1845 1841 1854 2710 
1846 1837 1853 2720 
1841 1840 1853 2730 
1842 1840 1854 2740 
1839 1839 1851 2750 
1842 1842 1858 2760 
1844 1834 1854 2770 
1848 1840 1853 2780 
1850 1840 1858 2790 
1848 1833 1854 2800 
1845 1837 1850 2810 
1849 1838 1856 2820 
1848 1839 1855 2830 
1841 1841 1853 2840 
1838 1841 1857 2850 
1840 1840 1859 2860 
1843 1845 1857 2870 
1840 1842 1849 2880 
1846 1835 1851 2890 
1850 1838 1854 2900 
1850 1838 1856 2910 
1851 1843 1856 2920 
1848 1833 1855 2930 
1846 1837 1853 2940 
1843 1839 1855 2950 
1844 1841 1857 2960 
1843 1839 1855 2970 
1841 1840 1856 2980 
1844 1841 1859 2990 
1844 1841 1855 3000 
1845 1838 1856 3010 
1843 1841 1856 3020 
1846 1837 1857 3030 
1844 1840 1854 3040 
1848 1840 1855 3050 
1848 1837 1853 3060 
1848 1843 1854 3070 
1849 1841 1860 3080 
1842 1836 1858 3090 
1843 1841 1851 3100 
1842 1837 1850 3110 
1846 1838 1857 3120 
1842 1841 1853 3130 
1843 1842 1854 3140 
1841 1842 1852 3150 
1845 1839 1858 3160 
1840 1841 1851 3170 
1847 1844 1859 3180 
1849 1838 1853 3190 
1849 1840 1860 3200 
1844 1842 1858 3210 
1844 1842 1855 3220 
1845 1836 1860 3230 
1840 1840 1850 3240 
1841 1839 1854 3250 
1841 1841 1853 3260 
1850 1846 1861 3270 
1861 1845 1862 3280 
1854 1841 1850 3290 
1835 1837 1842 3300 
1839 1839 1854 3310 
1849 1842 1860 3320 
1838 1836 1850 3330 
1834 1831 1849 3340 
1840 1834 1857 3350 
1839 1840 1858 3360 
1839 1840 1860 3370 
1844 1835 1855 3380 
1855 1841 1855 3390 
1855 1840 1853 3400 
1859 1838 1857 3410 
1861 1840 1858 3420 
1846 1836 1857 3430 
1833 1842 1851 3440 
1830 1844 1856 3450 
1832 1843 1856 3460 
1836 1844 1854 3470 
1843 1842 1850 3480 
1846 1843 1849 3490 
1851 1840 1854 3500 
1850 1840 1858 3510 
1846 1840 1857 3520 
1846 1840 1857 3530 
1841 1838 1850 3540 
1849 1839 1858 3550 
1845 1838 1854 3560 
1845 1837 1854 3570 
1845 1843 1854 3580 
1849 1841 1858 3590 
1845 1841 1854 3600 
1843 1840 1857 3610 
1843 1839 1857 3620 
1847 1834 1857 3630 
1847 1840 1854 3640 
1847 1839 1854 3650 
1846 1840 1856 3660 
1848 1840 1857 3670 
1848 1840 1855 3680 
1849 1834 1858 3690 
1843 1833 1859 3700 
1836 1840 1858 3710 
1841 1839 1850 3720 
1845 1843 1852 3730 
1846 1844 1857 3740 
1848 1839 1857 3750 
1846 1841 1860 3760 
1840 1839 1854 3770 
1840 1841 1852 3780 
1843 1837 1855 3790 
1846 1841 1856 3800 
1849 1839 1856 3810 
1847 1842 1850 3820 
1851 1842 1857 3830 
1850 1844 1858 3840 
1849 1841 1857 3850 
1836 1833 1848 3860 
1831 1839 1852 3870 
1837 1838 1855 3880 
1840 1842 1854 3890 
1839 1835 1850 3900 
1840 1833 1851 3910 
1842 1837 1853 3920 
1851 1838 1860 3930 
1851 1841 1859 3940 
1853 1840 1862 3950 
1849 1839 1855 3960 
1851 1838 1859 3970 
1852 1843 1857 3980 
1849 1842 1855 3990 
1849 1838 1856 4000 
1845 1844 1856 4010 
1844 1842 1854 4020 
1844 1837 1858 4030 
1843 1838 1858 4040 
1842 1841 1859 4050 
1842 1841 1859 4060 
1845 1838 1852 4070 
1847 1837 1853 4080 
1843 1842 1857 4090 
1842 1835 1852 4100 
1844 1835 1858 4110 
1840 1842 1857 4120 
1839 1840 1859 4130 
1840 1842 1858 4140 
1844 1835 1856 4150 
1848 1838 1854 4160 
1850 1837 1859 4170 
1849 1838 1858 4180 
1848 1843 1856 4190 
1845 1840 1854 4200 
1847 1841 1859 4210 
1845 1842 1856 4220 
1849 1841 1856 4230 
1846 1841 1851 4240 
1845 1840 1853 4250 
1849 1840 1861 4260 
1848 1839 1860 4270 
1845 1842 1856 4280 
1848 1838 1848 4290 
1846 1838 1850 4300 
1841 1844 1857 4310 
1846 1841 1855 4320 
1844 1837 1850 4330 
1844 1834 1857 4340 
1844 1839 1858 4350 
1844 1834 1856 4360 
1843 1841 1855 4370 
1844 1841 1856 4380 
1844 1838 1852 4390 
1841 1841 1850 4400 
1848 1841 1854 4410 
1846 1844 1856 4420 
1847 1841 1856 4430 
1849 1839 1859 4440 
1851 1840 1858 4450 
1848 1842 1856 4460 
1844 1839 1854 4470 
1841 1839 1855 4480 
1840 1838 1853 4490 
1839 1841 1857 4500 
1843 1844 1858 4510 
1843 1838 1858 4520 
1844 1839 1863 4530 
1842 1838 1856 4540 
1846 1840 1859 4550 
1849 1843 1859 4560 
1848 1844 1855 4570 
1848 1843 1857 4580 
1848 1841 1857 4590 
1849 1839 1857 4600 
1848 1839 1857 4610 
1846 1841 1859 4620 
1846 1841 1859 4630 
1842 1841 1853 4640 
1843 1842 1858 4650 
1842 1835 1853 4660 
1841 1843 1857 4670 
1843 1842 1854 4680 
1845 1841 1855 4690 
1843 1839 1854 4700 
1844 1842 1855 4710 
1849 1841 1857 4720 
1848 1838 1854 4730 
1846 1841 1853 4740 
1847 1841 1857 4750 
1842 1840 1854 4760 
1848 1838 1862 4770 
1845 1838 1860 4780 
1844 1842 1856 4790 
1846 1839 1857 4800 
1845 1839 1858 4810 
1838 1842 1851 4820 
1841 1840 1856 4830 
1844 1840 1855 4840 
1838 1839 1849 4850 
1845 1837 1852 4860 
1850 1839 1860 4870 
1848 1834 1853 4880 
1850 1840 1857 4890 
1848 1840 1856 4900 
1845 1842 1857 4910 
1845 1841 1850 4920 
1843 1842 1850 4930 
1845 1837 1853 4940 
1847 1837 1860 4950 
1840 1838 1857 4960 
1844 1836 1853 4970 
1846 1840 1856 4980 
1843 1837 1855 4990 
1842 1843 1855 5000 
1841 1838 1860 5010 
1848 1842 1857 5020 
1847 1843 1856 5030 
1848 1839 1856 5040 
1850 1841 1859 5050 
1849 1844 1862 5060 
1849 1845 1860 5070 
1849 1842 1853 5080 
1842 1831 1852 5090 
1833 1836 1851 5100 
1837 1842 1856 5110 
1843 1841 1858 5120 
1844 1842 1858 5130 
1850 1840 1861 5140 
1850 1841 1857 5150 
1851 1839 1859 5160 
1848 1840 1855 5170 
1848 1838 1857 5180 
1849 1840 1856 5190 
1846 1840 1856 5200 
1841 1840 1851 5210 
1841 1841 1848 5220 
1845 1839 1856 5230 
1846 1838 1853 5240 
1846 1843 1854 5250 
1842 1841 1854 5260 
1846 1843 1856 5270 
1847 1836 1857 5280 
1843 1840 1855 5290 
1845 1842 1859 5300 
1845 1838 1854 5310 
1844 1841 1856 5320 
1844 1843 1859 5330 
1843 1836 1858 5340 
1841 1838 1860 5350 
1845 1842 1863 5360 
1844 1841 1860 5370 
1844 1842 1857 5380 
1850 1842 1859 5390 
1853 1843 1858 5400 
1848 1840 1857 5410 
1844 1842 1855 5420 
1843 1837 1853 5430 
1843 1843 1850 5440 
1842 1842 1849 5450 
1842 1834 1852 5460 
1844 1836 1853 5470 
1846 1840 1857 5480 
1846 1838 1853 5490 
1848 1843 1858 5500 
1845 1842 1856 5510 
1849 1842 1861 5520 
1846 1837 1857 5530 
1850 1843 1859 5540 
1850 1840 1857 5550 
1847 1839 1854 5560 
1848 1835 1858 5570 
1842 1836 1858 5580 
1844 1842 1858 5590 
1848 1843 1861 5600 
1842 1841 1853 5610 
1845 1842 1855 5620 
1846 1842 1856 5630 
1843 1839 1855 5640 
1845 1838 1862 5650 
1841 1840 1855 5660 
1844 1840 1856 5670 
1841 1836 1854 5680 
1843 1841 1855 5690 
1842 1842 1851 5700 
1845 1841 1854 5710 
1846 1842 1855 5720 
1846 1835 1854 5730 
1849 1840 1856 5740 
1847 1839 1851 5750 
1847 1838 1854 5760 
1847 1842 1852 5770 
1846 1840 1855 5780 
1842 1837 1854 5790 
1843 1841 1857 5800 
1843 1837 1855 5810 
1844 1842 1855 5820 
1843 1843 1854 5830 
1849 1839 1857 5840 
1845 1841 1852 5850 
1848 1837 1863 5860 
1849 1841 1858 5870 
1846 1839 1858 5880 
1843 1837 1855 5890 
1843 1839 1854 5900 
1848 1844 1856 5910 
1845 1841 1851 5920 
1847 1842 1860 5930 
1847 1839 1855 5940 
1845 1842 1854 5950 
1848 1841 1855 5960 
1842 1837 1857 5970 
1842 1840 1859 5980 
1839 1841 1853 5990 
1843 1839 1854 6000 
1848 1842 1861 6010 
1848 1841 1857 6020 
1848 1842 1857 6030 
1841 1839 1856 6040 
1840 1839 1848 6050 
1839 1838 1853 6060 
1845 1839 1857 6070 
1848 1842 1859 6080 
1848 1837 1856 6090 
1848 1835 1854 6100 
1848 1836 1857 6110 
1847 1840 1861 6120 
1840 1840 1853 6130 
1845 1842 1860 6140 
1839 1841 1852 6150 
1841 1842 1856 6160 
1846 1840 1857 6170 
1850 1841 1859 6180 
1846 1842 1855 6190 
1849 1841 1856 6200 
1850 1841 1856 6210 
1846 1841 1856 6220 
1844 1843 1851 6230 
1845 1842 1858 6240 
1848 1838 1857 6250 
1848 1834 1860 6260 
1842 1837 1856 6270 
1841 1841 1856 6280 
1841 1835 1855 6290 
1838 1842 1855 6300 
1843 1843 1859 6310 
1847 1842 1853 6320 
1847 1840 1852 6330 
1848 1842 1858 6340 
1852 1841 1864 6350 
1850 1838 1860 6360 
1848 1842 1861 6370 
1842 1842 1852 6380 
1844 1841 1851 6390 
1843 1842 1852 6400 
1841 1841 1853 6410 
1847 1837 1850 6420 
1839 1837 1850 6430 
1842 1839 1855 6440 
1841 1840 1851 6450 
1845 1840 1857 6460 
1846 1842 1857 6470 
1847 1842 1862 6480 
1843 1842 1857 6490 
1846 1841 1856 6500 
1847 1840 1856 6510 
1848 1837 1857 6520 
1843 1840 1856 6530 
1841 1837 1853 6540 
1844 1845 1855 6550 
1847 1837 1854 6560 
1846 1841 1857 6570 
1843 1839 1850 6580 
1845 1841 1855 6590 
1847 1838 1855 6600 
1847 1839 1855 6610 
1848 1841 1859 6620 
1848 1841 1862 6630 
1845 1836 1854 6640 
1845 1836 1853 6650 
1846 1836 1855 6660 
1841 1839 1851 6670 
1842 1839 1859 6680 
1842 1839 1851 6690 
1843 1841 1860 6700 
1841 1840 1853 6710 
1849 1837 1855 6720 
1848 1841 1854 6730 
1848 1840 1853 6740 
1848 1841 1855 6750 
1848 1840 1859 6760 
1843 1841 1859 6770 
1840 1839 1856 6780 
1847 1841 1861 6790 
1841 1837 1854 6800 
1845 1840 1860 6810 
1840 1839 1852 6820 
1843 1837 1853 6830 
1843 1835 1853 6840 
1846 1841 1859 6850 
1847 1839 1856 6860 
1847 1837 1860 6870 
1847 1844 1856 6880 
1844 1838 1853 6890 
1848 1838 1859 6900 
1845 1841 1858 6910 
1844 1840 1853 6920 
1846 1840 1856 6930 
1845 1842 1854 6940 
1846 1844 1855 6950 
1847 1843 1850 6960 
1842 1841 1848 6970 
1846 1841 1861 6980 
1843 1840 1854 6990 
1847 1840 1858 7000 
1843 1842 1855 7010 
1845 1841 1858 7020 
1843 1835 1854 7030 
1841 1840 1852 7040 
1844 1840 1861 7050 
1844 1842 1852 7060 
1846 1835 1855 7070 
1848 1840 1856 7080 
1846 1840 1861 7090 
1844 1840 1855 7100 
1843 1840 1853 7110 
1846 1839 1857 7120 
1847 1843 1861 7130 
1844 1842 1855 7140 
1850 1839 1858 7150 
1845 1838 1854 7160 
1847 1840 1858 7170 
1844 1837 1858 7180 
1838 1839 1852 7190 
1841 1840 1859 7200 
1841 1843 1852 7210 
1843 1843 1855 7220 
1845 1843 1857 7230 
1848 1839 1852 7240 
1846 1843 1859 7250 
1848 1839 1860 7260 
1847 1834 1856 7270 
1843 1839 1847 7280 
1846 1841 1858 7290 
1845 1844 1861 7300 
1844 1842 1857 7310 
1844 1838 1860 7320 
1845 1837 1855 7330 
1845 1839 1856 7340 
1845 1841 1858 7350 
1847 1835 1858 7360 
1848 1843 1857 7370 
1845 1842 1853 7380 
1844 1842 1849 7390 
1847 1840 1857 7400 
1848 1842 1853 7410 
1848 1838 1854 7420 
1846 1839 1855 7430 
1845 1838 1858 7440 
1846 1835 1859 7450 
1843 1840 1853 7460 
1843 1839 1856 7470 
1841 1841 1851 7480 
1845 1841 1857 7490 
1848 1837 1858 7500 
1847 1841 1856 7510 
1848 1837 1857 7520 
1846 1835 1857 7530 
1847 1837 1857 7540 
1848 1841 1860 7550 
1848 1841 1860 7560 
1842 1841 1848 7570 
1844 1842 1855 7580 
1848 1842 1855 7590 
1845 1841 1853 7600 
1846 1841 1861 7610 
1846 1843 1858 7620 
1844 1840 1857 7630 
1845 1842 1855 7640 
1844 1842 1851 7650 
1846 1841 1850 7660 
1848 1842 1858 7670 
1846 1839 1860 7680 
1847 1837 1857 7690 
1842 1840 1857 7700 
1841 1840 1856 7710 
1844 1837 1857 7720 
1844 1840 1861 7730 
1844 1842 1857 7740 
1842 1841 1855 7750 
1844 1836 1854 7760 
1844 1842 1856 7770 
1848 1843 1852 7780 
1847 1838 1860 7790 
1846 1836 1856 7800 
1845 1835 1853 7810 
1848 1838 1857 7820 
1845 1838 1857 7830 
1848 1843 1859 7840 
1844 1839 1856 7850 
1843 1840 1856 7860 
1845 1840 1862 7870 
1845 1841 1855 7880 
1847 1841 1854 7890 
1846 1841 1857 7900 
1845 1836 1854 7910 
1847 1841 1859 7920 
1847 1839 1857 7930 
1846 1839 1861 7940 
1842 1841 1854 7950 
1839 1840 1854 7960 
1846 1840 1859 7970 
1845 1836 1854 7980 
1849 1842 1861 7990 
1847 1841 1857 8000 
1845 1837 1859 8010 
1848 1842 1858 8020 
1841 1840 1850 8030 
1844 1841 1858 8040 
1846 1834 1857 8050 
1847 1844 1858 8060 
1848 1839 1857 8070 
1846 1843 1856 8080 
1845 1843 1857 8090 
1845 1839 1861 8100 
1845 1844 1859 8110 
1843 1841 1857 8120 
1845 1837 1855 8130 
1841 1840 1851 8140 
1844 1839 1853 8150 
1848 1841 1862 8160 
1847 1842 1861 8170 
1847 1843 1856 8180 
1846 1836 1861 8190 
1850 1842 1859 8200 
1844 1840 1856 8210 
1845 1838 1856 8220 
1846 1836 1860 8230 
1844 1842 1853 8240 
1848 1839 1858 8250 
1847 1843 1860 8260 
1847 1842 1857 8270 
1844 1838 1859 8280 
1847 1841 1861 8290 
1843 1843 1860 8300 
1840 1841 1852 8310 
1847 1838 1858 8320 
1848 1840 1857 8330 
1848 1843 1863 8340 
1846 1842 1860 8350 
1849 1841 1859 8360 
1848 1844 1859 8370 
1844 1838 1856 8380 
1842 1842 1852 8390 
1848 1840 1857 8400 
1849 1843 1861 8410 
1843 1835 1854 8420 
1843 1839 1860 8430 
1844 1837 1850 8440 
1845 1837 1852 8450 
1848 1841 1856 8460 
1848 1844 1857 8470 
1849 1842 1861 8480 
1848 1842 1854 8490 
1845 1843 1854 8500 
1845 1840 1859 8510 
1841 1841 1857 8520 
1844 1841 1860 8530 
1843 1842 1854 8540 
1846 1841 1857 8550 
1846 1842 1858 8560 
1847 1844 1858 8570 
1847 1842 1857 8580 
1849 1841 1859 8590 
1845 1836 1856 8600 
1846 1844 1860 8610 
1843 1842 1855 8620 
1847 1843 1859 8630 
1847 1842 1857 8640 
1847 1841 1860 8650 
1847 1839 1859 8660 
1846 1842 1856 8670 
1845 1841 1855 8680 
1842 1840 1857 8690 
1846 1835 1857 8700 
1844 1840 1856 8710 
1850 1840 1857 8720 
1848 1837 1854 8730 
1846 1817 1877 8740 
1888 1726 1976 8750 
2023 1887 1832 8760 
1705 1949 1773 8770 
1419 1553 2116 8780 
2039 1925 1724 8790 
1894 1912 1743 8800 
1733 1659 1976 8810 
2018 1993 1687 8820 
1771 1768 1925 8830 
1922 1830 1862 8840 
1868 1875 1842 8850 
1796 1776 1929 8860 
1912 1917 1812 8870 
1778 1803 1919 8880 
1880 1865 1851 8890 
1843 1856 1869 8900 
1837 1817 1888 8910 
1882 1881 1838 8920 
1820 1811 1901 8930 
1880 1860 1851 8940 
1843 1840 1876 8950 
1849 1838 1863 8960 
1853 1852 1859 8970 
1823 1824 1883 8980 
1872 1861 1842 8990 
1841 1834 1870 9000 
1855 1839 1856 9010 
1854 1845 1851 9020 
1839 1833 1871 9030 
1856 1847 1844 9040 
1839 1834 1866 9050 
1853 1844 1858 9060 
1851 1842 1856 9070 
1839 1837 1863 9080 
1837 1844 1852 9090 
1845 1839 1861 9100 
1855 1842 1854 9110 
1842 1840 1862 9120 
1853 1839 1854 9130 
1849 1844 1857 9140 
1846 1842 1860 9150 
1849 1846 1855 9160 
1844 1846 1856 9170 
1846 1840 1857 9180 
1840 1837 1859 9190 
1843 1841 1851 9200 
1849 1839 1857 9210 
1843 1835 1858 9220 
1854 1844 1859 9230 
1848 1842 1859 9240 
1847 1837 1858 9250 
1839 1845 1858 9260 
1844 1840 1858 9270 
1845 1845 1851 9280 
1842 1838 1860 9290 
1849 1843 1857 9300 
1844 1837 1857 9310 
1844 1836 1858 9320 
1849 1840 1850 9330 
1850 1839 1855 9340 
1850 1841 1857 9350 
1844 1843 1859 9360 
1845 1844 1856 9370 
1847 1838 1861 9380 
1846 1839 1855 9390 
1844 1843 1851 9400 
1843 1841 1857 9410 
1846 1842 1858 9420 
1846 1839 1858 9430 
1846 1837 1855 9440 
1848 1841 1857 9450 
1845 1840 1853 9460 
1846 1837 1854 9470 
1841 1841 1860 9480 
1844 1845 1856 9490 
1840 1839 1849 9500 
1843 1840 1854 9510 
1847 1844 1859 9520 
1849 1843 1861 9530 
1843 1841 1856 9540 
1845 1842 1858 9550 
1849 1842 1860 9560 
1849 1841 1858 9570 
1845 1843 1859 9580 
1839 1841 1851 9590 
1844 1840 1857 9600 
1849 1841 1862 9610 
1844 1842 1854 9620 
1848 1843 1857 9630 
1846 1837 1853 9640 
1847 1839 1858 9650 
1846 1836 1860 9660 
1848 1844 1858 9670 
1846 1837 1857 9680 
1845 1841 1860 9690 
1844 1842 1858 9700 
1844 1844 1856 9710 
1845 1843 1857 9720 
1844 1843 1856 9730 
1845 1843 1856 9740 
1844 1843 1855 9750 
1845 1843 1852 9760 
1841 1841 1851 9770 
1848 1840 1861 9780 
1847 1841 1860 9790 
1847 1841 1857 9800 
1849 1840 1858 9810 
1846 1841 1855 9820 
1845 1840 1855 9830 
1845 1843 1854 9840 
1844 1840 1859 9850 
1839 1841 1852 9860 
1845 1844 1858 9870 
1844 1839 1853 9880 
1849 1843 1855 9890 
1850 1843 1859 9900 
1850 1840 1860 9910 
1847 1836 1855 9920 
1849 1842 1858 9930 
1845 1842 1856 9940 
1844 1837 1858 9950 
1846 1839 1858 9960 
1845 1838 1859 9970 
1848 1841 1857 9980 
1846 1837 1854 9990 
1848 1844 1857 10000 
1848 1837 1854 10010 
1850 1842 1855 10020 
1847 1843 1856 10030 
1843 1841 1857 10040 
1845 1842 1862 10050 
1843 1840 1856 10060 
1845 1842 1854 10070 
1846 1841 1860 10080 
1843 1843 1852 10090 
1845 1840 1854 10100 
1846 1838 1858 10110 
1848 1841 1857 10120 
1846 1844 1858 10130 
1845 1842 1859 10140 
1844 1841 1858 10150 
1842 1841 1849 10160 
1849 1840 1858 10170 
1849 1843 1860 10180 
1845 1843 1857 10190 
1847 1844 1855 10200 
1847 1843 1860 10210 
1842 1842 1857 10220 
1847 1842 1863 10230 
1848 1841 1858 10240 
1846 1838 1854 10250 
1850 1840 1859 10260 
1847 1841 1858 10270 
1847 1841 1857 10280 
1846 1842 1857 10290 
1846 1840 1853 10300 
1843 1838 1854 10310 
1845 1840 1861 10320 
1845 1841 1859 10330 
1849 1842 1858 10340 
1845 1839 1854 10350 
1846 1844 1860 10360 
1847 1842 1860 10370 
1845 1839 1860 10380 
1847 1840 1854 10390 
1846 1840 1860 10400 
1849 1839 1860 10410 
1845 1843 1854 10420 
1849 1842 1861 10430 
1845 1841 1858 10440 
1845 1843 1857 10450 
1843 1840 1857 10460 
1847 1841 1861 10470 
1847 1838 1861 10480 
1847 1841 1857 10490 
1843 1842 1853 10500 
1843 1841 1849 10510 
1845 1839 1854 10520 
1848 1839 1861 10530 
1847 1843 1856 10540 
1843 1840 1854 10550 
1845 1842 1859 10560 
1845 1841 1858 10570 
1846 1844 1857 10580 
1849 1845 1861 10590 
1846 1835 1854 10600 
1847 1845 1859 10610 
1847 1839 1860 10620 
1845 1843 1855 10630 
1845 1839 1858 10640 
1847 1838 1856 10650 
1844 1841 1857 10660 
1845 1842 1858 10670 
1848 1842 1856 10680 
1847 1844 1860 10690 
1842 1843 1852 10700 
1846 1837 1861 10710 
1846 1839 1853 10720 
1846 1843 1857 10730 
1844 1842 1854 10740 
1850 1840 1861 10750 
1848 1844 1860 10760 
1847 1843 1856 10770 
1845 1839 1854 10780 
1847 1840 1856 10790 
1846 1843 1859 10800 
1845 1840 1859 10810 
1840 1839 1852 10820 
1842 1843 1854 10830 
1846 1838 1856 10840 
1850 1845 1858 10850 
1851 1843 1858 10860 
1847 1844 1856 10870 
1846 1840 1854 10880 
1847 1844 1856 10890 
1848 1843 1860 10900 
1847 1843 1862 10910 
1844 1843 1858 10920 
1845 1839 1856 10930 
1847 1841 1858 10940 
1845 1843 1859 10950 
1845 1842 1853 10960 
1845 1840 1853 10970 
1846 1843 1860 10980 
1845 1840 1854 10990 
1846 1840 1862 11000 
1846 1841 1854 11010 
1845 1843 1857 11020 
1842 1841 1855 11030 
1844 1843 1860 11040 
1847 1842 1859 11050 
1843 1842 1852 11060 
1849 1841 1859 11070 
1845 1843 1856 11080 
1847 1842 1854 11090 
1844 1844 1856 11100 
1845 1841 1854 11110 
1846 1841 1859 11120 
1847 1842 1863 11130 
1843 1842 1853 11140 
1848 1840 1858 11150 
1842 1843 1855 11160 
1845 1842 1858 11170 
1841 1842 1853 11180 
1845 1838 1854 11190 
1847 1841 1861 11200 
1844 1839 1854 11210 
1845 1842 1859 11220 
1847 1841 1853 11230 
1848 1841 1859 11240 
1846 1845 1857 11250 
1842 1843 1851 11260 
1846 1838 1858 11270 
1848 1843 1860 11280 
1844 1841 1857 11290 
1847 1843 1863 11300 
1847 1838 1858 11310 
1847 1842 1855 11320 
1848 1844 1858 11330 
1847 1841 1855 11340 
1844 1839 1855 11350 
1846 1843 1856 11360 
1845 1844 1856 11370 
1845 1841 1861 11380 
1843 1836 1856 11390 
1844 1837 1857 11400 
1846 1841 1857 11410 
1847 1843 1857 11420 
1850 1842 1859 11430 
1848 1842 1856 11440 
1847 1842 1854 11450 
1846 1841 1855 11460 
1844 1840 1850 11470 
1847 1840 1859 11480 
1845 1841 1860 11490 
1844 1840 1853 11500 
1848 1843 1860 11510 
1845 1844 1854 11520 
1848 1839 1855 11530 
1846 1841 1858 11540 
1850 1839 1859 11550 
1848 1841 1858 11560 
1848 1840 1858 11570 
1843 1839 1853 11580 
1842 1840 1854 11590 
1844 1845 1857 11600 
1845 1843 1856 11610 
1844 1840 1854 11620 
1842 1840 1857 11630 
1845 1839 1860 11640 
1843 1841 1854 11650 
1846 1840 1853 11660 
1847 1840 1857 11670 
1848 1844 1861 11680 
1844 1843 1855 11690 
1847 1838 1859 11700 
1848 1844 1859 11710 
1845 1841 1855 11720 
1845 1839 1855 11730 
1845 1839 1859 11740 
1846 1844 1859 11750 
1843 1843 1854 11760 
1848 1839 1850 11770 
1846 1843 1860 11780 
1846 1837 1862 11790 
1845 1841 1853 11800 
1845 1839 1860 11810 
1848 1840 1861 11820 
1846 1842 1860 11830 
1846 1839 1853 11840 
1849 1843 1861 11850 
1845 1840 1856 11860 
1847 1838 1859 11870 
1845 1838 1859 11880 
1846 1838 1853 11890 
1847 1840 1861 11900 
1844 1837 1856 11910 
1843 1840 1856 11920 
1846 1843 1859 11930 
1849 1843 1860 11940 
1846 1842 1856 11950 
1846 1839 1853 11960 
1845 1842 1858 11970 
1845 1838 1852 11980 
1842 1842 1849 11990 
1845 1837 1854 12000 
1846 1841 1855 12010 
1848 1840 1858 12020 
1846 1844 1856 12030 
1846 1841 1858 12040 
1843 1841 1849 12050 
1848 1841 1862 12060 
1846 1843 1860 12070 
1848 1842 1864 12080 
1846 1838 1855 12090 
1846 1845 1857 12100 
1846 1843 1858 12110 
1848 1840 1857 12120 
1846 1841 1858 12130 
1845 1843 1853 12140 
1844 1841 1857 12150 
1845 1840 1853 12160 
1845 1837 1856 12170 
1847 1842 1858 12180 
1846 1844 1858 12190 
1851 1838 1859 12200 
1852 1840 1858 12210 
1850 1840 1859 12220 
1843 1839 1854 12230 
1842 1841 1863 12240 
1841 1844 1862 12250 
1843 1840 1860 12260 
1844 1845 1852 12270 
1849 1845 1857 12280 
1850 1841 1857 12290 
1846 1842 1857 12300 
1848 1840 1860 12310 
1846 1843 1859 12320 
1843 1842 1858 12330 
1844 1840 1859 12340 
1842 1843 1854 12350 
1848 1842 1859 12360 
1848 1845 1859 12370 
1846 1837 1854 12380 
1845 1842 1857 12390 
1846 1844 1855 12400 
1846 1844 1858 12410 
1842 1842 1858 12420 
1845 1844 1863 12430 
1845 1842 1859 12440 
1844 1843 1852 12450 
1847 1844 1858 12460 
1845 1843 1855 12470 
1846 1840 1852 12480 
1846 1840 1859 12490 
1845 1845 1852 12500 
1847 1844 1859 12510 
1845 1844 1855 12520 
1847 1840 1859 12530 
1847 1843 1860 12540 
1848 1837 1861 12550 
1843 1841 1856 12560 
1846 1841 1857 12570 
1847 1843 1860 12580 
1843 1842 1852 12590 
1839 1840 1856 12600 
1846 1841 1861 12610 
1846 1841 1863 12620 
1844 1838 1855 12630 
1848 1838 1859 12640 
1845 1842 1852 12650 
1847 1844 1858 12660 
1847 1836 1855 12670 
1845 1842 1852 12680 
1850 1842 1856 12690 
1848 1843 1861 12700 
1843 1840 1856 12710 
1846 1839 1859 12720 
1842 1838 1854 12730 
1846 1840 1860 12740 
1843 1843 1853 12750 
1847 1840 1854 12760 
1849 1840 1851 12770 
1848 1838 1863 12780 
1850 1843 1862 12790 
1845 1843 1860 12800 
1845 1839 1856 12810 
1845 1843 1859 12820 
1847 1841 1852 12830 
1847 1839 1854 12840 
1842 1841 1849 12850 
1847 1839 1857 12860 
1846 1840 1860 12870 
1848 1843 1859 12880 
1846 1841 1860 12890 
1844 1836 1856 12900 
1847 1841 1861 12910 
1845 1838 1856 12920 
1846 1842 1856 12930 
1846 1843 1856 12940 
1849 1843 1859 12950 
1846 1840 1859 12960 
1847 1842 1859 12970 
1846 1838 1860 12980 
1847 1841 1859 12990 
1848 1842 1862 13000 
1846 1842 1855 13010 
1846 1845 1859 13020 
1848 1841 1860 13030 
1849 1840 1856 13040 
1845 1840 1857 13050 
1840 1843 1851 13060 
1844 1846 1859 13070 
1845 1843 1859 13080 
1847 1841 1861 13090 
1847 1841 1860 13100 
1850 1843 1861 13110 
1845 1842 1859 13120 
1846 1841 1860 13130 
1847 1838 1858 13140 
1851 1843 1861 13150 
1847 1845 1857 13160 
1848 1840 1858 13170 
1846 1839 1859 13180 
1846 1841 1860 13190 
1844 1844 1853 13200 
1846 1838 1859 13210 
1844 1839 1856 13220 
1845 1838 1855 13230 
1844 1837 1854 13240 
1844 1841 1856 13250 
1842 1843 1849 13260 
1848 1843 1854 13270 
1847 1842 1856 13280 
1850 1842 1859 13290 
1844 1839 1850 13300 
1843 1840 1857 13310 
1845 1842 1861 13320 
1847 1842 1860 13330 
1845 1844 1858 13340 
1844 1840 1853 13350 
1846 1846 1860 13360 
1846 1844 1858 13370 
1846 1842 1855 13380 
1845 1837 1858 13390 
1845 1841 1859 13400 
1845 1842 1859 13410 
1844 1843 1857 13420 
1846 1840 1856 13430 
1850 1841 1860 13440 
1850 1842 1860 13450 
1849 1841 1860 13460 
1850 1843 1859 13470 
1848 1838 1858 13480 
1848 1841 1860 13490 
1846 1839 1860 13500 
1843 1843 1856 13510 
1844 1844 1858 13520 
1846 1843 1859 13530 
1845 1839 1854 13540 
1847 1838 1859 13550 
1847 1838 1854 13560 
1846 1839 1856 13570 
1850 1842 1857 13580 
1849 1841 1857 13590 
1849 1842 1860 13600 
1846 1843 1857 13610 
1847 1839 1861 13620 
1845 1839 1854 13630 
1842 1838 1855 13640 
1840 1842 1858 13650 
1845 1840 1859 13660 
1845 1838 1852 13670 
1843 1842 1851 13680 
1844 1841 1854 13690 
1845 1844 1852 13700 
1849 1840 1860 13710 
1846 1841 1852 13720 
1845 1843 1862 13730 
1847 1843 1861 13740 
1845 1838 1857 13750 
1847 1842 1858 13760 
1847 1839 1854 13770 
1844 1843 1849 13780 
1850 1839 1852 13790 
1845 1838 1863 13800 
1846 1844 1861 13810 
1845 1841 1854 13820 
1846 1841 1864 13830 
1846 1839 1862 13840 
1845 1841 1863 13850 
1845 1838 1855 13860 
1846 1838 1853 13870 
1847 1845 1858 13880 
1847 1837 1862 13890 
1844 1844 1856 13900 
1845 1839 1853 13910 
1847 1842 1862 13920 
1847 1840 1860 13930 
1846 1843 1857 13940 
1846 1841 1852 13950 
1847 1839 1854 13960 
1850 1841 1858 13970 
1845 1842 1856 13980 
1843 1841 1854 13990 
1845 1841 1860 14000 
1844 1840 1859 14010 
1844 1841 1861 14020 
1846 1844 1861 14030 
1840 1842 1849 14040 
1847 1840 1856 14050 
1849 1841 1857 14060 
1845 1843 1852 14070 
1848 1839 1855 14080 
1847 1839 1857 14090 
1843 1842 1857 14100 
1848 1842 1863 14110 
1844 1841 1857 14120 
1845 1836 1854 14130 
1847 1840 1858 14140 
1845 1841 1850 14150 
1848 1841 1859 14160 
1846 1841 1859 14170 
1848 1839 1856 14180 
1845 1842 1855 14190 
1851 1841 1864 14200 
1848 1842 1861 14210 
1846 1838 1855 14220 
1846 1844 1859 14230 
1842 1844 1858 14240 
1842 1841 1854 14250 
1844 1841 1857 14260 
1848 1846 1860 14270 
1846 1844 1857 14280 
1848 1842 1864 14290 
1844 1837 1856 14300 
1843 1841 1862 14310 
1839 1841 1856 14320 
1843 1845 1859 14330 
1843 1843 1852 14340 
1849 1845 1855 14350 
1851 1845 1858 14360 
1853 1843 1862 14370 
1849 1837 1857 14380 
1848 1844 1858 14390 
1850 1846 1858 14400 
1850 1840 1860 14410 
1845 1841 1860 14420 
1843 1838 1860 14430 
1842 1844 1856 14440 
1843 1841 1855 14450 
1842 1841 1855 14460 
1846 1842 1857 14470 
1845 1837 1852 14480 
1845 1841 1854 14490 
1846 1846 1852 14500 
1848 1841 1857 14510 
1845 1846 1860 14520 
1845 1841 1860 14530 
1845 1842 1861 14540 
1844 1842 1861 14550 
1845 1837 1855 14560 
1849 1839 1859 14570 
1851 1844 1859 14580 
1851 1844 1856 14590 
1850 1844 1861 14600 
1848 1846 1856 14610 
1851 1846 1858 14620 
1848 1842 1859 14630 
1842 1841 1859 14640 
1843 1841 1862 14650 
1841 1839 1859 14660 
1843 1843 1862 14670 
1843 1841 1854 14680 
1848 1846 1857 14690 
1849 1840 1853 14700 
1849 1838 1860 14710 
1848 1842 1856 14720 
1844 1845 1858 14730 
1849 1842 1861 14740 
1847 1842 1859 14750 
1847 1839 1858 14760 
1843 1842 1858 14770 
1842 1840 1851 14780 
1841 1844 1852 14790 
1843 1843 1856 14800 
1850 1842 1859 14810 
1845 1838 1856 14820 
1845 1836 1857 14830 
1844 1841 1857 14840 
1846 1843 1859 14850 
1844 1838 1858 14860 
1842 1845 1856 14870 
1842 1844 1852 14880 
1846 1836 1861 14890 
1848 1840 1857 14900 
1849 1840 1862 14910 
1847 1841 1861 14920 
1846 1842 1861 14930 
1844 1841 1854 14940 
1847 1844 1856 14950 
1847 1839 1857 14960 
1847 1845 1859 14970 
1845 1843 1857 14980 
1843 1842 1856 14990 
1838 1842 1852 15000 
1843 1841 1855 15010 
1848 1841 1861 15020 
1847 1839 1854 15030 
1847 1840 1858 15040 
1847 1844 1861 15050 
1848 1844 1859 15060 
1850 1840 1860 15070 
1849 1839 1856 15080 
1846 1844 1859 15090 
1848 1844 1860 15100 
1850 1841 1858 15110 
1846 1843 1858 15120 
1849 1842 1859 15130 
1846 1842 1856 15140 
1848 1842 1863 15150 
1846 1844 1863 15160 
1846 1841 1860 15170 
1846 1842 1859 15180 
1844 1841 1860 15190 
1846 1844 1861 15200 
1849 1841 1859 15210 
1851 1843 1862 15220 
1850 1843 1862 15230 
1846 1844 1858 15240 
1849 1842 1861 15250 
1848 1842 1861 15260 
1841 1842 1850 15270 
1843 1839 1858 15280 
1844 1840 1864 15290 
1845 1844 1863 15300 
1844 1844 1857 15310 
1845 1844 1856 15320 
1847 1844 1854 15330 
1849 1842 1857 15340 
1848 1842 1861 15350 
1848 1841 1859 15360 
1844 1841 1860 15370 
1843 1841 1859 15380 
1842 1838 1856 15390 
1845 1843 1857 15400 
1849 1845 1859 15410 
1847 1842 1856 15420 
1848 1838 1855 15430 
1845 1842 1855 15440 
1845 1843 1852 15450 
1847 1841 1857 15460 
1849 1840 1862 15470 
1848 1841 1859 15480 
1847 1843 1860 15490 
1846 1841 1857 15500 
1847 1841 1860 15510 
1846 1846 1860 15520 
1845 1846 1852 15530 
1846 1845 1861 15540 
1845 1843 1862 15550 
1845 1843 1859 15560 
1848 1839 1862 15570 
1847 1842 1855 15580 
1846 1843 1860 15590 
1849 1839 1855 15600 
1849 1845 1860 15610 
1847 1842 1860 15620 
1844 1844 1853 15630 
1841 1840 1857 15640 
1839 1841 1856 15650 
1845 1835 1861 15660 
1850 1842 1859 15670 
1851 1837 1858 15680 
1851 1843 1860 15690 
1850 1844 1861 15700 
1847 1846 1858 15710 
1843 1844 1853 15720 
1849 1848 1862 15730 
1847 1847 1853 15740 
1846 1843 1855 15750 
1846 1838 1858 15760 
1841 1840 1854 15770 
1846 1844 1862 15780 
1847 1843 1859 15790 
1847 1843 1854 15800 
1850 1840 1858 15810 
1851 1839 1861 15820 
1850 1841 1861 15830 
1845 1835 1862 15840 
1842 1842 1859 15850 
1842 1840 1859 15860 
1844 1843 1861 15870 
1844 1843 1860 15880 
1848 1845 1862 15890 
1847 1845 1858 15900 
1850 1840 1858 15910 
1850 1845 1860 15920 
1847 1845 1856 15930 
1848 1843 1853 15940 
1848 1837 1854 15950 
1846 1840 1859 15960 
1847 1841 1863 15970 
1846 1836 1857 15980 
1847 1843 1862 15990 
1846 1845 1859 16000 
1843 1841 1853 16010 
1846 1843 1853 16020 
1847 1845 1859 16030 
1847 1840 1858 16040 
1847 1841 1858 16050 
1848 1840 1859 16060 
1847 1846 1857 16070 
1848 1841 1854 16080 
1846 1840 1855 16090 
1847 1838 1858 16100 
1844 1839 1861 16110 
1840 1845 1857 16120 
1845 1842 1861 16130 
1847 1844 1864 16140 
1848 1841 1857 16150 
1850 1843 1860 16160 
1847 1836 1859 16170 
1847 1838 1857 16180 
1844 1840 1854 16190 
1845 1840 1857 16200 
1846 1841 1859 16210 
1846 1844 1857 16220 
1847 1841 1854 16230 
1848 1844 1858 16240 
1842 1842 1851 16250 
1843 1843 1858 16260 
1846 1843 1860 16270 
1845 1836 1857 16280 
1844 1838 1856 16290 
1845 1840 1858 16300 
1848 1842 1858 16310 
1848 1843 1859 16320 
1849 1842 1863 16330 
1847 1843 1857 16340 
1848 1840 1860 16350 
1850 1842 1856 16360 
1848 1841 1862 16370 
1846 1841 1864 16380 
1841 1840 1858 16390 
1843 1844 1856 16400 
1844 1845 1855 16410 
1847 1838 1854 16420 
1842 1841 1856 16430 
1843 1838 1859 16440 
1842 1841 1857 16450 
1845 1839 1858 16460 
1850 1843 1857 16470 
1852 1839 1859 16480 
1851 1844 1856 16490 
1849 1839 1855 16500 
1845 1843 1860 16510 
1847 1843 1860 16520 
1845 1844 1860 16530 
1846 1842 1858 16540 
1846 1844 1862 16550 
1849 1840 1864 16560 
1849 1840 1862 16570 
1849 1840 1853 16580 
1845 1843 1855 16590 
1850 1844 1863 16600 
1845 1844 1857 16610 
1845 1842 1859 16620 
1848 1842 1859 16630 
1848 1843 1860 16640 
1849 1838 1858 16650 
1849 1838 1860 16660 
1846 1840 1850 16670 
1845 1840 1859 16680 
1847 1844 1861 16690 
1842 1846 1857 16700 
1845 1840 1864 16710 
1846 1841 1855 16720 
1842 1835 1854 16730 
1845 1838 1857 16740 
1847 1839 1857 16750 
1852 1837 1856 16760 
1845 1840 1857 16770 
1844 1842 1856 16780 
1844 1844 1857 16790 
1847 1844 1860 16800 
1851 1847 1860 16810 
1848 1839 1857 16820 
1847 1840 1856 16830 
1847 1843 1862 16840 
1847 1840 1859 16850 
1846 1841 1854 16860 
1844 1843 1853 16870 
1845 1839 1854 16880 
1845 1844 1857 16890 
1846 1838 1857 16900 
1844 1841 1860 16910 
1849 1842 1864 16920 
1844 1842 1858 16930 
1847 1844 1857 16940 
1849 1842 1857 16950 
1847 1844 1856 16960 
1846 1844 1861 16970 
1847 1845 1852 16980 
1844 1841 1850 16990 
1846 1838 1860 17000 
1847 1843 1863 17010 
1846 1838 1857 17020 
1850 1842 1862 17030 
1847 1843 1863 17040 
1847 1844 1862 17050 
1848 1844 1862 17060 
1843 1838 1862 17070 
1846 1843 1854 17080 
1852 1840 1859 17090 
1851 1840 1860 17100 
1845 1842 1861 17110 
1843 1843 1856 17120 
1843 1845 1858 17130 
1845 1845 1857 17140 
1851 1844 1862 17150 
1850 1843 1859 17160 
1851 1840 1859 17170 
1846 1840 1858 17180 
1847 1843 1863 17190 
1846 1844 1859 17200 
1847 1839 1860 17210 
1846 1842 1857 17220 
1846 1844 1863 17230 
1844 1844 1859 17240 
1847 1841 1862 17250 
1849 1846 1860 17260 
1846 1844 1855 17270 
1847 1843 1858 17280 
1845 1845 1854 17290 
1847 1844 1854 17300 
1849 1842 1852 17310 
1844 1842 1856 17320 
1845 1844 1862 17330 
1845 1844 1863 17340 
1848 1842 1859 17350 
1845 1842 1854 17360 
1843 1845 1854 17370 
1843 1845 1853 17380 
1847 1839 1863 17390 
1846 1838 1856 17400 
1844 1843 1859 17410 
1846 1843 1857 17420 
1850 1842 1861 17430 
1850 1842 1857 17440 
1846 1839 1856 17450 
1844 1845 1860 17460 
1845 1845 1860 17470 
1847 1846 1857 17480 
1851 1843 1860 17490 
1843 1841 1852 17500 
1845 1840 1857 17510 
1845 1837 1855 17520 
1846 1843 1857 17530 
1843 1845 1852 17540 
1846 1843 1854 17550 
1848 1844 1860 17560 
1848 1847 1851 17570 
1850 1844 1861 17580 
1845 1840 1856 17590 
1844 1842 1859 17600 
1847 1839 1853 17610 
1850 1844 1862 17620 
1848 1844 1861 17630 
1845 1844 1858 17640 
1844 1843 1854 17650 
1845 1842 1857 17660 
1848 1840 1860 17670 
1847 1840 1861 17680 
1846 1842 1861 17690 
1847 1837 1859 17700 
1847 1843 1861 17710 
1847 1846 1856 17720 
1845 1843 1858 17730 
1844 1843 1861 17740 
1844 1840 1859 17750 
1849 1836 1859 17760 
1846 1842 1853 17770 
1840 1840 1850 17780 
1843 1843 1857 17790 
1843 1844 1855 17800 
1847 1844 1859 17810 
1847 1843 1854 17820 
1848 1837 1856 17830 
1847 1840 1856 17840 
1847 1838 1859 17850 
1849 1844 1861 17860 
1847 1846 1857 17870 
1847 1842 1856 17880 
1849 1840 1858 17890 
1844 1843 1852 17900 
1844 1844 1860 17910 
1840 1840 1851 17920 
1845 1843 1858 17930 
1848 1837 1858 17940 
1850 1840 1858 17950 
1847 1844 1859 17960 
1848 1841 1859 17970 
1843 1844 1856 17980 
1846 1845 1858 17990 
1846 1839 1855 18000 
1844 1839 1856 18010 
1846 1844 1861 18020 
1849 1842 1864 18030 
1846 1843 1856 18040 
1849 1839 1857 18050 
1848 1843 1859 18060 
1850 1839 1858 18070 
1850 1842 1860 18080 
1852 1843 1857 18090 
1843 1842 1860 18100 
1840 1844 1854 18110 
1841 1843 1857 18120 
1844 1841 1850 18130 
1844 1839 1856 18140 
1846 1841 1861 18150 
1846 1839 1854 18160 
1849 1844 1856 18170 
1849 1845 1857 18180 
1846 1842 1858 18190 
1846 1840 1859 18200 
1847 1839 1859 18210 
1848 1841 1860 18220 
1847 1843 1861 18230 
1848 1840 1853 18240 
1846 1839 1861 18250 
1847 1845 1865 18260 
1842 1843 1855 18270 
1846 1844 1855 18280 
1848 1841 1854 18290 
1847 1843 1857 18300 
1850 1842 1860 18310 
1845 1845 1856 18320 
1844 1845 1852 18330 
1844 1839 1856 18340 
1844 1842 1858 18350 
1845 1845 1859 18360 
1848 1844 1859 18370 
1848 1846 1859 18380 
1847 1843 1855 18390 
1848 1842 1859 18400 
1848 1839 1860 18410 
1845 1847 1859 18420 
1845 1836 1857 18430 
1844 1842 1857 18440 
1846 1837 1861 18450 
1848 1846 1860 18460 
1851 1840 1857 18470 
1852 1842 1860 18480 
1845 1836 1855 18490 
1844 1845 1856 18500 
1843 1847 1860 18510 
1844 1842 1859 18520 
1847 1843 1858 18530 
1848 1843 1856 18540 
1850 1842 1855 18550 
1851 1842 1861 18560 
1849 1842 1862 18570 
1844 1845 1855 18580 
1848 1844 1858 18590 
1843 1845 1855 18600 
1842 1842 1856 18610 
1845 1843 1860 18620 
1845 1842 1859 18630 
1846 1841 1854 18640 
1851 1841 1859 18650 
1848 1843 1857 18660 
1847 1845 1857 18670 
1846 1841 1863 18680 
1849 1845 1863 18690 
1847 1843 1862 18700 
1846 1845 1861 18710 
1845 1836 1858 18720 
1849 1840 1857 18730 
1849 1843 1852 18740 
1851 1839 1860 18750 
1847 1847 1860 18760 
1842 1844 1853 18770 
1842 1845 1858 18780 
1841 1845 1863 18790 
1841 1841 1856 18800 
1843 1842 1858 18810 
1850 1841 1858 18820 
1851 1845 1859 18830 
1847 1841 1858 18840 
1844 1842 1856 18850 
1842 1843 1856 18860 
1844 1840 1855 18870 
1847 1841 1863 18880 
1847 1842 1861 18890 
1851 1841 1861 18900 
1849 1841 1854 18910 
1847 1841 1853 18920 
1848 1843 1859 18930 
1846 1842 1855 18940 
1847 1842 1858 18950 
1845 1845 1859 18960 
1843 1842 1856 18970 
1844 1842 1859 18980 
1845 1842 1858 18990 
1849 1846 1858 19000 
1852 1842 1863 19010 
1848 1843 1859 19020 
1848 1845 1859 19030 
1850 1843 1856 19040 
1849 1838 1856 19050 
1847 1843 1860 19060 
1849 1842 1864 19070 
1843 1843 1859 19080 
1843 1841 1855 19090 
1845 1845 1861 19100 
1842 1844 1856 19110 
1847 1846 1861 19120 
1847 1846 1856 19130 
1852 1845 1860 19140 
1847 1838 1855 19150 
1849 1839 1860 19160 
1841 1842 1854 19170 
1847 1844 1854 19180 
1855 1846 1862 19190 
1850 1842 1859 19200 
1845 1839 1859 19210 
1843 1840 1860 19220 
1842 1842 1858 19230 
1844 1843 1860 19240 
1843 1843 1851 19250 
1845 1841 1853 19260 
1850 1838 1855 19270 
1847 1839 1860 19280 
1849 1843 1858 19290 
1845 1842 1855 19300 
1844 1845 1862 19310 
1843 1842 1858 19320 
1844 1844 1859 19330 
1847 1841 1862 19340 
1849 1841 1860 19350 
1853 1839 1860 19360 
1855 1844 1853 19370 
1848 1841 1866 19380 
1839 1842 1858 19390 
1832 1847 1862 19400 
1834 1842 1858 19410 
1842 1840 1860 19420 
1849 1839 1850 19430 
1850 1835 1854 19440 
1856 1837 1859 19450 
1854 1839 1857 19460 
1851 1839 1862 19470 
1847 1843 1857 19480 
1843 1842 1857 19490 
1846 1838 1860 19500 
1844 1841 1859 19510 
1846 1843 1859 19520 
1843 1845 1853 19530 
1842 1845 1855 19540 
1843 1843 1857 19550 
1847 1848 1855 19560 
1849 1845 1858 19570 
1848 1840 1855 19580 
1847 1838 1860 19590 
1842 1840 1854 19600 
1848 1843 1859 19610 
1851 1845 1863 19620 
1851 1841 1856 19630 
1853 1843 1858 19640 
1853 1839 1863 19650 
1853 1839 1858 19660 
1847 1834 1857 19670 
1845 1842 1861 19680 
1842 1841 1855 19690 
1841 1843 1857 19700 
1843 1840 1860 19710 
1841 1843 1854 19720 
1844 1846 1859 19730 
1844 1840 1864 19740 
1846 1844 1858 19750 
1847 1845 1860 19760 
1848 1845 1861 19770 
1847 1843 1861 19780 
1848 1845 1861 19790 
1843 1842 1857 19800 
1847 1843 1858 19810 
1845 1842 1861 19820 
1846 1842 1862 19830 
1846 1836 1858 19840 
1848 1845 1856 19850 
1852 1843 1860 19860 
1849 1843 1856 19870 
1850 1842 1859 19880 
1849 1844 1860 19890 
1848 1842 1856 19900 
1841 1841 1858 19910 
1838 1842 1856 19920 
1842 1839 1856 19930 
1839 1841 1853 19940 
1841 1844 1858 19950 
1847 1841 1852 19960 
1846 1844 1855 19970 
1854 1838 1864 19980 
1851 1841 1861 19990 
1842 1840 1857 20000 
1844 1844 1861 20010 
1842 1844 1854 20020 
1846 1846 1853 20030 
1853 1845 1862 20040 
1854 1843 1859 20050 
1847 1840 1850 20060 
1849 1842 1858 20070 
1847 1842 1858 20080 
1846 1841 1858 20090 
1845 1841 1858 20100 
1846 1839 1856 20110 
1848 1840 1857 20120 
1848 1839 1856 20130 
1848 1841 1855 20140 
1849 1840 1853 20150 
1846 1843 1858 20160 
1848 1840 1859 20170 
1842 1842 1858 20180 
1844 1836 1858 20190 
1846 1843 1863 20200 
1844 1843 1854 20210 
1848 1840 1853 20220 
1846 1841 1855 20230 
1850 1843 1862 20240 
1846 1845 1853 20250 
1846 1843 1858 20260 
1844 1839 1856 20270 
1843 1842 1855 20280 
1846 1844 1861 20290 
1846 1840 1854 20300 
1847 1844 1858 20310 
1846 1843 1857 20320 
1848 1845 1861 20330 
1846 1844 1858 20340 
1847 1839 1860 20350 
1848 1845 1861 20360 
1845 1841 1857 20370 
1846 1844 1859 20380 
1847 1841 1853 20390 
1853 1844 1861 20400 
1852 1844 1855 20410 
1854 1843 1854 20420 
1849 1841 1860 20430 
1842 1841 1859 20440 
1844 1842 1858 20450 
1842 1846 1863 20460 
1837 1843 1852 20470 
1839 1841 1855 20480 
1839 1836 1854 20490 
1845 1840 1858 20500 
1843 1840 1861 20510 
1850 1841 1858 20520 
1848 1840 1858 20530 
1847 1840 1858 20540 
1848 1839 1858 20550 
1849 1841 1860 20560 
1847 1843 1859 20570 
1848 1842 1859 20580 
1849 1842 1859 20590 
1849 1843 1861 20600 
1847 1841 1853 20610 
1846 1845 1861 20620 
1845 1844 1859 20630 
1845 1837 1857 20640 
1849 1843 1861 20650 
1846 1844 1858 20660 
1846 1840 1855 20670 
1847 1841 1854 20680 
1848 1845 1856 20690 
1850 1843 1861 20700 
1845 1842 1861 20710 
1842 1840 1859 20720 
1845 1840 1859 20730 
1843 1843 1851 20740 
1847 1842 1857 20750 
1849 1844 1861 20760 
1849 1841 1860 20770 
1848 1844 1856 20780 
1846 1840 1854 20790 
1847 1839 1860 20800 
1844 1838 1857 20810 
1847 1839 1861 20820 
1846 1843 1857 20830 
1848 1840 1855 20840 
1848 1842 1857 20850 
1848 1842 1861 20860 
1847 1840 1858 20870 
1849 1840 1860 20880 
1850 1842 1861 20890 
1845 1842 1852 20900 
1843 1840 1855 20910 
1845 1844 1862 20920 
1844 1836 1859 20930 
1844 1844 1859 20940 
1846 1844 1856 20950 
1848 1840 1858 20960 
1850 1841 1860 20970 
1851 1839 1864 20980 
1844 1841 1851 20990 
1843 1840 1856 21000 
1843 1841 1855 21010 
1845 1839 1857 21020 
1847 1842 1858 21030 
1846 1841 1858 21040 
1850 1843 1860 21050 
1847 1843 1858 21060 
1845 1844 1855 21070 
1844 1842 1855 21080 
1848 1839 1861 21090 
1846 1842 1860 21100 
1847 1843 1860 21110 
1847 1837 1854 21120 
1848 1842 1859 21130 
1848 1842 1860 21140 
1843 1845 1857 21150 
1848 1841 1861 21160 
1845 1845 1859 21170 
1840 1841 1859 21180 
1845 1842 1859 21190 
1847 1844 1863 21200 
1849 1845 1859 21210 
1849 1838 1861 21220 
1849 1843 1860 21230 
1849 1839 1855 21240 
1846 1839 1860 21250 
1847 1842 1857 21260 
1847 1843 1863 21270 
1845 1844 1859 21280 
1847 1839 1861 21290 
1847 1838 1854 21300 
1849 1840 1859 21310 
1848 1839 1856 21320 
1842 1843 1853 21330 
1846 1840 1859 21340 
1844 1842 1853 21350 
1848 1836 1856 21360 
1848 1844 1859 21370 
1846 1843 1858 21380 
1846 1841 1861 21390 
1846 1844 1854 21400 
1845 1844 1859 21410 
1846 1842 1861 21420 
1845 1841 1859 21430 
1840 1843 1852 21440 
1848 1843 1861 21450 
1843 1844 1853 21460 
1845 1844 1860 21470 
1847 1836 1862 21480 
1849 1843 1858 21490 
1847 1840 1858 21500 
1849 1841 1860 21510 
1846 1841 1856 21520 
1848 1843 1860 21530 
1849 1843 1863 21540 
1846 1846 1861 21550 
1846 1842 1858 21560 
1848 1842 1861 21570 
1845 1846 1858 21580 
1842 1843 1857 21590 
1846 1842 1856 21600 
1845 1841 1852 21610 
1851 1840 1860 21620 
1850 1841 1862 21630 
1840 1838 1855 21640 
1844 1840 1859 21650 
1849 1840 1863 21660 
1849 1846 1864 21670 
1845 1839 1859 21680 
1844 1840 1857 21690 
1846 1844 1861 21700 
1850 1845 1861 21710 
1847 1844 1857 21720 
1849 1844 1858 21730 
1848 1839 1854 21740 
1846 1845 1854 21750 
1845 1839 1853 21760 
1843 1842 1858 21770 
1846 1840 1859 21780 
1846 1840 1859 21790 
1847 1840 1854 21800 
1846 1843 1858 21810 
1845 1843 1857 21820 
1848 1846 1861 21830 
1842 1844 1858 21840 
1844 1842 1851 21850 
1845 1840 1862 21860 
1847 1840 1862 21870 
1847 1841 1862 21880 
1843 1841 1857 21890 
1848 1842 1858 21900 
1846 1840 1859 21910 
1847 1842 1862 21920 
1847 1842 1862 21930 
1849 1843 1856 21940 
1848 1842 1856 21950 
1846 1844 1858 21960 
1844 1839 1854 21970 
1843 1844 1855 21980 
1848 1842 1858 21990 
1846 1845 1863 22000 
1849 1844 1861 22010 
1849 1844 1863 22020 
1851 1839 1851 22030 
1847 1836 1856 22040 
1847 1841 1858 22050 
1843 1843 1854 22060 
1847 1840 1861 22070 
1844 1844 1857 22080 
1843 1838 1855 22090 
1848 1840 1860 22100 
1847 1839 1857 22110 
1848 1842 1854 22120 
1850 1840 1858 22130 
1851 1843 1860 22140 
1847 1843 1859 22150 
1848 1846 1853 22160 
1848 1844 1860 22170 
1846 1837 1859 22180 
1847 1839 1864 22190 
1846 1839 1862 22200 
1844 1843 1854 22210 
1848 1845 1861 22220 
1847 1842 1857 22230 
1850 1842 1863 22240 
1849 1839 1864 22250 
1847 1847 1861 22260 
1847 1840 1861 22270 
1844 1842 1861 22280 
1848 1842 1860 22290 
1852 1841 1854 22300 
1849 1845 1857 22310 
1846 1843 1863 22320 
1841 1841 1859 22330 
1844 1841 1859 22340 
1848 1844 1863 22350 
1843 1844 1859 22360 
1842 1842 1859 22370 
1843 1840 1859 22380 
1847 1846 1860 22390 
1848 1845 1853 22400 
1845 1842 1854 22410 
1852 1838 1859 22420 
1848 1843 1856 22430 
1847 1842 1855 22440 
1842 1841 1855 22450 
1849 1842 1865 22460 
1846 1842 1862 22470 
1847 1845 1860 22480 
1848 1845 1863 22490 
1844 1844 1855 22500 
1844 1845 1855 22510 
1849 1845 1857 22520 
1850 1843 1860 22530 
1847 1838 1860 22540 
1848 1843 1865 22550 
1846 1840 1858 22560 
1848 1843 1860 22570 
1842 1841 1852 22580 
1843 1844 1854 22590 
1847 1839 1857 22600 
1847 1844 1856 22610 
1847 1843 1859 22620 
1847 1838 1854 22630 
1848 1842 1861 22640 
1845 1839 1856 22650 
1848 1845 1858 22660 
1843 1843 1853 22670 
1851 1843 1862 22680 
1850 1841 1859 22690 
1844 1843 1858 22700 
1851 1844 1863 22710 
1844 1837 1856 22720 
1844 1842 1859 22730 
1845 1842 1852 22740 
1854 1845 1855 22750 
1851 1842 1859 22760 
1838 1845 1863 22770 
1846 1840 1861 22780 
1847 1841 1867 22790 
1847 1842 1863 22800 
1847 1843 1860 22810 
1845 1837 1859 22820 
1845 1844 1862 22830 
1848 1842 1861 22840 
1848 1840 1859 22850 
1849 1839 1856 22860 
1848 1839 1856 22870 
1847 1838 1860 22880 
1846 1844 1857 22890 
1846 1842 1859 22900 
1847 1844 1860 22910 
1846 1842 1861 22920 
1846 1844 1862 22930 
1843 1842 1859 22940 
1849 1842 1865 22950 
1850 1837 1861 22960 
1850 1844 1859 22970 
1850 1838 1855 22980 
1848 1838 1856 22990 
1844 1842 1858 23000 
1843 1837 1864 23010 
1842 1846 1859 23020 
1843 1844 1859 23030 
1845 1844 1855 23040 
1852 1844 1854 23050 
1854 1843 1861 23060 
1845 1836 1865 23070 
1843 1839 1863 23080 
1848 1847 1857 23090 
1845 1845 1861 23100 
1847 1848 1854 23110 
1845 1844 1854 23120 
1849 1838 1859 23130 
1846 1840 1855 23140 
1849 1843 1861 23150 
1845 1844 1855 23160 
1849 1839 1860 23170 
1848 1842 1861 23180 
1847 1841 1862 23190 
1848 1841 1862 23200 
1844 1842 1858 23210 
1845 1842 1858 23220 
1849 1841 1864 23230 
1842 1844 1853 23240 
1844 1843 1856 23250 
1849 1843 1861 23260 
1851 1844 1862 23270 
1847 1844 1858 23280 
1848 1840 1859 23290 
1847 1840 1859 23300 
1846 1844 1858 23310 
1846 1841 1857 23320 
1850 1842 1859 23330 
1848 1840 1855 23340 
1846 1844 1857 23350 
1845 1844 1856 23360 
1844 1845 1857 23370 
1846 1839 1859 23380 
1844 1836 1857 23390 
1846 1843 1861 23400 
1849 1839 1861 23410 
1847 1841 1855 23420 
1850 1844 1862 23430 
1848 1846 1860 23440 
1849 1844 1858 23450 
1843 1844 1852 23460 
1841 1841 1851 23470 
1846 1844 1861 23480 
1846 1842 1862 23490 
1848 1843 1863 23500 
1847 1844 1858 23510 
1845 1845 1859 23520 
1843 1846 1853 23530 
1844 1847 1855 23540 
1849 1842 1851 23550 
1845 1840 1856 23560 
1850 1844 1864 23570 
1847 1844 1861 23580 
1846 1845 1857 23590 
1848 1840 1857 23600 
1847 1845 1857 23610 
1849 1841 1856 23620 
1849 1846 1857 23630 
1850 1840 1860 23640 
1851 1844 1864 23650 
1847 1843 1860 23660 
1848 1843 1863 23670 
1845 1843 1858 23680 
1846 1842 1856 23690 
1844 1845 1858 23700 
1844 1840 1855 23710 
1846 1840 1860 23720 
1846 1844 1858 23730 
1848 1841 1863 23740 
1846 1844 1861 23750 
1849 1841 1861 23760 
1850 1844 1861 23770 
1845 1843 1856 23780 
1849 1840 1860 23790 
1848 1846 1860 23800 
1848 1840 1863 23810 
1843 1843 1856 23820 
1845 1841 1860 23830 
1843 1841 1855 23840 
1847 1841 1858 23850 
1844 1844 1853 23860 
1846 1843 1855 23870 
1846 1842 1856 23880 
1849 1841 1856 23890 
1849 1846 1857 23900 
1845 1844 1855 23910 
1843 1843 1856 23920 
1842 1844 1855 23930 
1844 1843 1855 23940 
1848 1845 1861 23950 
1850 1840 1855 23960 
1848 1840 1859 23970 
1848 1843 1861 23980 
1848 1846 1859 23990 
1847 1847 1862 24000 
1844 1847 1858 24010 
1847 1841 1861 24020 
1846 1840 1865 24030 
1841 1843 1851 24040 
1844 1840 1858 24050 
1843 1843 1855 24060 
1848 1841 1862 24070 
1853 1843 1861 24080 
1850 1840 1860 24090 
1847 1842 1858 24100 
1847 1843 1858 24110 
1847 1846 1855 24120 
1849 1841 1856 24130 
1848 1843 1859 24140 
1849 1841 1864 24150 
1848 1839 1862 24160 
1850 1845 1864 24170 
1845 1844 1855 24180 
1847 1838 1857 24190 
1848 1841 1859 24200 
1850 1840 1860 24210 
1845 1842 1857 24220 
1847 1840 1862 24230 
1846 1842 1860 24240 
1842 1842 1853 24250 
1847 1842 1854 24260 
1846 1844 1853 24270 
1848 1842 1857 24280 
1850 1843 1858 24290 
1847 1840 1862 24300 
1846 1843 1854 24310 
1847 1840 1859 24320 
1845 1843 1861 24330 
1847 1839 1862 24340 
1846 1838 1857 24350 
1848 1840 1861 24360 
1852 1843 1861 24370 
1849 1841 1862 24380 
1844 1844 1860 24390 
1845 1840 1858 24400 
1843 1839 1854 24410 
1843 1842 1855 24420 
1848 1843 1862 24430 
1846 1843 1856 24440 
1848 1837 1857 24450 
1848 1840 1860 24460 
1848 1839 1858 24470 
1849 1844 1859 24480 
1845 1843 1855 24490 
1845 1838 1856 24500 
1844 1844 1857 24510 
1845 1842 1859 24520 
1845 1842 1858 24530 
1849 1844 1862 24540 
1851 1842 1860 24550 
1850 1846 1861 24560 
1849 1844 1857 24570 
1849 1843 1857 24580 
1848 1840 1856 24590 
1847 1843 1855 24600 
1846 1844 1855 24610 
1844 1843 1854 24620 
1848 1842 1861 24630 
1842 1843 1860 24640 
1845 1843 1854 24650 
1846 1843 1859 24660 
1847 1845 1863 24670 
1845 1846 1856 24680 
1848 1847 1853 24690 
1848 1847 1859 24700 
1843 1841 1852 24710 
1847 1844 1861 24720 
1847 1841 1862 24730 
1843 1842 1858 24740 
1846 1843 1859 24750 
1844 1843 1854 24760 
1848 1841 1861 24770 
1847 1844 1858 24780 
1849 1841 1859 24790 
1846 1841 1857 24800 
1847 1841 1862 24810 
1847 1842 1862 24820 
1850 1841 1860 24830 
1851 1843 1861 24840 
1847 1845 1858 24850 
1847 1847 1859 24860 
1845 1848 1854 24870 
1849 1844 1862 24880 
1845 1843 1855 24890 
1848 1838 1859 24900 
1842 1841 1853 24910 
1849 1845 1862 24920 
1844 1842 1855 24930 
1845 1844 1856 24940 
1847 1846 1859 24950 
1851 1843 1859 24960 
1851 1844 1862 24970 
1841 1841 1854 24980 
1845 1839 1858 24990 
1846 1841 1857 25000 
1847 1844 1859 25010 
1846 1841 1856 25020 
1849 1842 1861 25030 
1849 1847 1860 25040 
1846 1839 1856 25050 
1848 1846 1862 25060 
1846 1844 1860 25070 
1850 1842 1862 25080 
1848 1843 1857 25090 
1844 1841 1856 25100 
1841 1844 1851 25110 
1848 1841 1864 25120 
1849 1846 1859 25130 
1848 1841 1859 25140 
1847 1838 1860 25150 
1843 1840 1853 25160 
1847 1843 1861 25170 
1846 1839 1855 25180 
1848 1842 1855 25190 
1850 1842 1861 25200 
1849 1845 1852 25210 
1845 1843 1853 25220 
1847 1839 1860 25230 
1845 1839 1855 25240 
1845 1842 1862 25250 
1848 1845 1861 25260 
1846 1844 1856 25270 
1846 1843 1858 25280 
1847 1844 1858 25290 
1845 1844 1856 25300 
1847 1842 1856 25310 
1842 1841 1852 25320 
1846 1843 1862 25330 
1844 1843 1859 25340 
1846 1847 1859 25350 
1847 1845 1858 25360 
1846 1839 1854 25370 
1848 1843 1857 25380 
1849 1840 1864 25390 
1851 1842 1860 25400 
1847 1835 1856 25410 
1849 1841 1862 25420 
1848 1841 1860 25430 
1848 1842 1856 25440 
1850 1845 1863 25450 
1851 1842 1860 25460 
1848 1841 1854 25470 
1844 1844 1860 25480 
1849 1842 1860 25490 
1845 1843 1859 25500 
1847 1843 1861 25510 
1846 1842 1858 25520 
1848 1840 1861 25530 
1850 1844 1864 25540 
1844 1844 1853 25550 
1846 1837 1856 25560 
1843 1841 1858 25570 
1847 1841 1860 25580 
1846 1840 1853 25590 
1844 1844 1852 25600 
1849 1840 1859 25610 
1848 1841 1862 25620 
1848 1846 1861 25630 
1846 1841 1858 25640 
1846 1843 1857 25650 
1848 1841 1860 25660 
1851 1844 1865 25670 
1849 1844 1862 25680 
1848 1837 1857 25690 
1847 1838 1858 25700 
1846 1843 1860 25710 
1842 1844 1856 25720 
1845 1843 1861 25730 
1848 1845 1862 25740 
1847 1844 1860 25750 
1851 1841 1861 25760 
1849 1846 1860 25770 
1849 1844 1857 25780 
1849 1845 1860 25790 
1845 1845 1858 25800 
1846 1846 1860 25810 
1843 1844 1857 25820 
1847 1846 1860 25830 
1844 1846 1861 25840 
1847 1840 1861 25850 
1849 1842 1865 25860 
1851 1844 1860 25870 
1849 1842 1855 25880 
1851 1846 1861 25890 
1850 1843 1862 25900 
1849 1842 1862 25910 
1848 1842 1858 25920 
1845 1836 1858 25930 
1845 1844 1861 25940 
1843 1843 1856 25950 
1846 1842 1857 25960 
1850 1841 1862 25970 
1849 1840 1853 25980 
1848 1843 1855 25990 
1848 1843 1857 26000 
1849 1838 1857 26010 
1849 1842 1863 26020 
1845 1840 1857 26030 
1846 1843 1859 26040 
1846 1839 1856 26050 
1847 1839 1857 26060 
1849 1841 1861 26070 
1848 1840 1854 26080 
1843 1843 1857 26090 
1850 1842 1863 26100 
1848 1840 1855 26110 
1843 1844 1852 26120 
1848 1841 1856 26130 
1850 1845 1863 26140 
1844 1843 1851 26150 
1850 1846 1857 26160 
1843 1844 1852 26170 
1843 1843 1857 26180 
1848 1837 1859 26190 
1848 1845 1864 26200 
1849 1844 1859 26210 
1844 1844 1856 26220 
1850 1844 1864 26230 
1847 1839 1858 26240 
1846 1841 1861 26250 
1848 1846 1860 26260 
1847 1838 1859 26270 
1847 1845 1862 26280 
1846 1838 1858 26290 
1851 1842 1861 26300 
1850 1840 1860 26310 
1850 1839 1861 26320 
1852 1841 1860 26330 
1850 1843 1861 26340 
1847 1840 1855 26350 
1845 1844 1861 26360 
1847 1842 1862 26370 
1845 1838 1858 26380 
1845 1844 1858 26390 
1846 1842 1857 26400 
1849 1843 1861 26410 
1849 1845 1862 26420 
1851 1844 1861 26430 
1850 1842 1859 26440 
1848 1842 1862 26450 
1848 1841 1860 26460 
1848 1843 1861 26470 
1847 1843 1855 26480 
1848 1838 1856 26490 
1849 1843 1860 26500 
1845 1844 1855 26510 
1846 1841 1860 26520 
1847 1846 1860 26530 
1846 1844 1861 26540 
1847 1842 1862 26550 
1845 1844 1860 26560 
1847 1844 1863 26570 
1848 1839 1861 26580 
1850 1843 1861 26590 
1850 1845 1861 26600 
1848 1844 1860 26610 
1851 1845 1864 26620 
1847 1845 1857 26630 
1848 1843 1851 26640 
1846 1842 1859 26650 
1845 1843 1856 26660 
1847 1844 1864 26670 
1845 1846 1860 26680 
1847 1844 1858 26690 
1845 1837 1857 26700 
1847 1842 1855 26710 
1846 1840 1860 26720 
1848 1846 1860 26730 
1844 1841 1855 26740 
1849 1839 1858 26750 
1850 1842 1859 26760 
1849 1841 1854 26770 
1850 1845 1860 26780 
1848 1843 1860 26790 
1846 1844 1860 26800 
1850 1842 1861 26810 
1842 1843 1853 26820 
1843 1844 1859 26830 
1841 1844 1857 26840 
1847 1844 1864 26850 
1847 1844 1851 26860 
1851 1842 1859 26870 
1851 1840 1859 26880 
1849 1846 1862 26890 
1849 1844 1859 26900 
1845 1844 1856 26910 
1847 1844 1862 26920 
1847 1846 1864 26930 
1848 1845 1863 26940 
1848 1847 1860 26950 
1845 1842 1855 26960 
1847 1841 1857 26970 
1848 1846 1859 26980 
1848 1843 1857 26990 
1849 1843 1859 27000 
1847 1838 1855 27010 
1847 1839 1856 27020 
1849 1839 1861 27030 
1850 1844 1860 27040 
1850 1842 1860 27050 
1849 1844 1863 27060 
1849 1844 1861 27070 
1847 1844 1858 27080 
1848 1844 1862 27090 
1848 1840 1858 27100 
1844 1838 1856 27110 
1844 1844 1857 27120 
1848 1841 1862 27130 
1847 1844 1857 27140 
1850 1845 1860 27150 
1850 1845 1861 27160 
1848 1837 1855 27170 
1849 1841 1861 27180 
1847 1847 1860 27190 
1846 1845 1862 27200 
1849 1843 1864 27210 
1846 1837 1858 27220 
1847 1844 1859 27230 
1848 1844 1863 27240 
1849 1846 1862 27250 
1850 1841 1860 27260 
1850 1840 1860 27270 
1847 1842 1854 27280 
1845 1838 1856 27290 
1846 1844 1861 27300 
1845 1840 1856 27310 
1847 1841 1854 27320 
1845 1842 1856 27330 
1848 1841 1862 27340 
1846 1845 1858 27350 
1852 1843 1859 27360 
1851 1845 1860 27370 
1847 1838 1857 27380 
1849 1843 1863 27390 
1847 1845 1863 27400 
1849 1844 1864 27410 
1848 1842 1861 27420 
1845 1840 1855 27430 
1843 1845 1854 27440 
1849 1841 1865 27450 
1848 1844 1857 27460 
1847 1840 1857 27470 
1848 1843 1862 27480 
1850 1840 1862 27490 
1850 1846 1861 27500 
1843 1844 1852 27510 
1847 1842 1853 27520 
1846 1843 1861 27530 
1843 1842 1862 27540 
1848 1840 1860 27550 
1845 1841 1858 27560 
1845 1840 1856 27570 
1849 1842 1860 27580 
1848 1846 1858 27590 
1848 1843 1856 27600 
1848 1838 1858 27610 
1848 1843 1863 27620 
1845 1839 1857 27630 
1850 1841 1862 27640 
1849 1843 1860 27650 
1845 1843 1855 27660 
1846 1846 1858 27670 
1848 1840 1860 27680 
1845 1840 1861 27690 
1845 1845 1858 27700 
1843 1843 1859 27710 
1850 1843 1866 27720 
1848 1840 1855 27730 
1848 1842 1862 27740 
1851 1844 1863 27750 
1850 1840 1859 27760 
1844 1844 1852 27770 
1850 1840 1864 27780 
1849 1844 1858 27790 
1849 1840 1861 27800 
1845 1843 1861 27810 
1845 1839 1857 27820 
1846 1844 1859 27830 
1850 1845 1864 27840 
1847 1843 1859 27850 
1846 1838 1856 27860 
1848 1845 1856 27870 
1846 1843 1854 27880 
1848 1840 1860 27890 
1846 1839 1858 27900 
1845 1842 1860 27910 
1847 1845 1857 27920 
1847 1838 1856 27930 
1846 1844 1857 27940 
1850 1845 1860 27950 
1851 1840 1860 27960 
1847 1844 1854 27970 
1842 1841 1854 27980 
1845 1841 1861 27990 
1845 1845 1864 28000 
1847 1841 1859 28010 
1847 1845 1860 28020 
1848 1845 1861 28030 
1844 1844 1854 28040 
1850 1842 1862 28050 
1850 1846 1860 28060 
1849 1839 1861 28070 
1847 1840 1856 28080 
1848 1838 1858 28090 
1849 1841 1860 28100 
1848 1844 1863 28110 
1847 1844 1859 28120 
1844 1841 1856 28130 
1843 1843 1851 28140 
1845 1837 1857 28150 
1848 1841 1863 28160 
1847 1836 1858 28170 
1848 1842 1863 28180 
1846 1845 1858 28190 
1845 1844 1853 28200 
1850 1844 1860 28210 
1851 1839 1862 28220 
1848 1844 1859 28230 
1846 1838 1856 28240 
1849 1840 1864 28250 
1849 1842 1863 28260 
1847 1844 1860 28270 
1845 1843 1854 28280 
1847 1843 1856 28290 
1843 1843 1855 28300 
1849 1839 1861 28310 
1843 1842 1852 28320 
1847 1836 1857 28330 
1848 1845 1861 28340 
1849 1844 1864 28350 
1849 1841 1860 28360 
1850 1840 1860 28370 
1848 1844 1860 28380 
1850 1844 1862 28390 
1848 1846 1858 28400 
1848 1843 1862 28410 
1848 1843 1864 28420 
1849 1838 1860 28430 
1846 1839 1858 28440 
1850 1843 1859 28450 
1848 1845 1859 28460 
1848 1842 1855 28470 
1850 1843 1859 28480 
1847 1844 1856 28490 
1846 1838 1856 28500 
1844 1841 1858 28510 
1849 1842 1864 28520 
1848 1841 1862 28530 
1848 1843 1859 28540 
1848 1840 1856 28550 
1849 1841 1862 28560 
1847 1841 1859 28570 
1844 1843 1859 28580 
1843 1843 1852 28590 
1846 1841 1861 28600 
1848 1843 1862 28610 
1848 1843 1862 28620 
1850 1840 1858 28630 
1851 1844 1863 28640 
1845 1842 1860 28650 
1848 1845 1859 28660 
1846 1845 1858 28670 
1850 1845 1864 28680 
1846 1844 1857 28690 
1848 1839 1865 28700 
1849 1841 1861 28710 
1847 1839 1862 28720 
1845 1843 1859 28730 
1844 1842 1855 28740 
1851 1843 1863 28750 
1847 1845 1859 28760 
1848 1843 1860 28770 
1847 1846 1860 28780 
1845 1843 1858 28790 
1848 1845 1858 28800 
1849 1841 1859 28810 
1850 1842 1865 28820 
1845 1843 1860 28830 
1848 1841 1863 28840 
1845 1845 1856 28850 
1849 1840 1860 28860 
1848 1841 1861 28870 
1849 1838 1862 28880 
1846 1843 1856 28890 
1848 1839 1858 28900 
1847 1836 1858 28910 
1849 1839 1858 28920 
1848 1842 1856 28930 
1848 1841 1855 28940 
1848 1838 1857 28950 
1845 1844 1856 28960 
1848 1845 1857 28970 
1848 1841 1860 28980 
1847 1838 1860 28990 
1845 1841 1855 29000 
1845 1839 1856 29010 
1845 1845 1859 29020 
1851 1841 1861 29030 
1849 1840 1855 29040 
1847 1846 1860 29050 
1849 1843 1857 29060 
1847 1838 1855 29070 
1846 1843 1859 29080 
1845 1842 1856 29090 
1846 1840 1856 29100 
1845 1845 1855 29110 
1847 1841 1855 29120 
1845 1844 1857 29130 
1847 1843 1857 29140 
1848 1846 1853 29150 
1846 1845 1859 29160 
1850 1841 1861 29170 
1848 1844 1860 29180 
1848 1845 1860 29190 
1846 1841 1855 29200 
1850 1844 1863 29210 
1847 1840 1861 29220 
1847 1844 1853 29230 
1847 1840 1860 29240 
1845 1840 1857 29250 
1850 1842 1865 29260 
1847 1839 1856 29270 
1850 1843 1861 29280 
1847 1845 1858 29290 
1848 1840 1861 29300 
1848 1843 1856 29310 
1849 1844 1860 29320 
1847 1840 1861 29330 
1847 1841 1860 29340 
1847 1837 1859 29350 
1850 1843 1863 29360 
1844 1844 1854 29370 
1849 1846 1858 29380 
1847 1842 1854 29390 
1846 1843 1857 29400 
1848 1843 1857 29410 
1847 1837 1861 29420 
1842 1841 1855 29430 
1846 1842 1863 29440 
1847 1844 1860 29450 
1848 1845 1861 29460 
1844 1842 1853 29470 
1848 1847 1860 29480 
1847 1842 1862 29490 
1849 1845 1861 29500 
1848 1839 1859 29510 
1850 1842 1862 29520 
1850 1842 1865 29530 
1848 1841 1859 29540 
1843 1843 1852 29550 
1847 1841 1858 29560 
1848 1843 1860 29570 
1847 1840 1860 29580 
1845 1846 1859 29590 
1846 1844 1859 29600 
1847 1845 1864 29610 
1848 1845 1864 29620 
1847 1844 1854 29630 
1848 1844 1858 29640 
1848 1844 1858 29650 
1845 1844 1857 29660 
1850 1847 1857 29670 
1845 1845 1854 29680 
1849 1844 1857 29690 
1848 1844 1856 29700 
1848 1841 1860 29710 
1846 1842 1857 29720 
1848 1842 1863 29730 
1847 1842 1854 29740 
1848 1843 1860 29750 
1848 1840 1857 29760 
1849 1840 1858 29770 
1851 1843 1860 29780 
1850 1842 1861 29790 
1849 1839 1862 29800 
1845 1843 1857 29810 
1842 1840 1853 29820 
1848 1840 1858 29830 
1845 1842 1858 29840 
1847 1842 1855 29850 
1849 1842 1861 29860 
1849 1839 1863 29870 
1849 1840 1854 29880 
1847 1843 1862 29890 
1847 1841 1860 29900 
1848 1840 1863 29910 
1850 1844 1863 29920 
1847 1844 1860 29930 
1847 1845 1862 29940 
1848 1844 1860 29950 
1849 1841 1862 29960 
1845 1843 1851 29970 
1847 1841 1860 29980 
1846 1844 1859 29990 
1849 1843 1863 30000 
1847 1844 1858 30010 
